0.00	10.00
0.10	9.68
0.20	9.37
0.30	9.07
0.40	8.77
0.50	8.47
0.60	8.18
0.70	7.89
0.80	7.61
0.90	7.34
1.00	7.06
1.10	6.80
1.20	6.54
1.30	6.28
1.40	6.03
1.50	5.79
1.60	5.55
1.70	5.31
1.80	5.08
1.90	4.85
2.00	4.63
2.10	4.42
2.20	4.21
2.30	4.00
2.40	3.80
2.50	3.61
2.60	3.42
2.70	3.23
2.80	3.05
2.90	2.88
3.00	2.71
3.10	2.54
3.20	2.39
3.30	2.23
3.40	2.08
3.50	1.94
3.60	1.80
3.70	1.66
3.80	1.53
3.90	1.41
4.00	1.29
4.10	1.18
4.20	1.07
4.30	0.97
4.40	0.87
4.50	0.77
4.60	0.69
4.70	0.60
4.80	0.53
4.90	0.45
5.00	0.39
5.10	0.32
5.20	0.27
5.30	0.22
5.40	0.17
5.50	0.13
5.60	0.09
5.70	0.06
5.80	0.04
5.90	0.02
6.00	0.00
6.10	-0.00
