0.00	0.05	0.00
0.10	0.01	0.11
0.20	0.05	0.23
0.30	0.10	0.34
0.40	0.18	0.46
0.50	0.29	0.57
0.60	0.41	0.69
0.70	0.57	0.81
0.80	0.74	0.93
0.90	0.94	1.04
1.00	1.16	1.16
1.10	1.41	1.28
1.20	1.68	1.40
1.30	1.98	1.52
1.40	2.30	1.64
1.50	2.65	1.77
1.60	3.02	1.89
1.70	3.42	2.01
1.80	3.84	2.13
1.90	4.29	2.26
2.00	4.76	2.38
2.10	5.26	2.51
2.20	5.79	2.63
2.30	6.34	2.76
2.40	6.92	2.88
2.50	7.53	3.01
2.60	8.16	3.14
2.70	8.82	3.27
2.80	9.51	3.40
2.90	10.22	3.52
3.00	10.96	3.65
3.10	11.73	3.78
3.20	12.53	3.92
3.30	13.36	4.05
3.40	14.21	4.18
3.50	15.09	4.31
3.60	16.00	4.44
3.70	16.94	4.58
3.80	17.91	4.71
3.90	18.90	4.85
4.00	19.93	4.98
4.10	20.99	5.12
4.20	22.07	5.25
4.30	23.19	5.39
4.40	24.33	5.53
4.50	25.50	5.67
4.60	26.71	5.81
4.70	27.94	5.95
4.80	29.21	6.09
4.90	30.51	6.23
5.00	31.83	6.37
5.10	33.19	6.51
5.20	34.58	6.65
5.30	36.00	6.79
5.40	37.45	6.94
5.50	38.94	7.08
5.60	40.45	7.22
5.70	42.00	7.37
5.80	43.58	7.51
5.90	45.20	7.66
6.00	46.84	7.81
6.10	48.52	7.95
6.20	50.23	8.10
6.30	51.97	8.25
6.40	53.75	8.40
6.50	55.56	8.55
6.60	57.41	8.70
6.70	59.29	8.85
6.80	61.20	9.00
6.90	63.15	9.15
7.00	65.13	9.30
7.10	67.14	9.46
7.20	69.19	9.61
7.30	71.28	9.76
7.40	73.40	9.92
7.50	75.55	10.07
7.60	77.74	10.23
7.70	79.97	10.39
7.80	82.23	10.54
7.90	84.53	10.70
8.00	86.86	10.86
8.10	89.23	11.02
8.20	91.64	11.18
8.30	94.08	11.34
8.40	96.56	11.50
8.50	99.08	11.66
8.60	101.63	11.82
8.70	104.23	11.98
8.80	106.85	12.14
8.90	109.52	12.31
9.00	112.23	12.47
9.10	114.97	12.63
9.20	117.75	12.80
9.30	120.57	12.96
9.40	123.43	13.13
9.50	126.32	13.30
9.60	129.26	13.46
9.70	132.23	13.63
9.80	135.25	13.80
9.90	138.30	13.97
10.00	141.39	14.14
10.10	144.53	14.31
10.20	147.70	14.48
10.30	150.91	14.65
10.40	154.17	14.82
10.50	157.46	15.00
10.60	160.79	15.17
10.70	164.17	15.34
10.80	167.59	15.52
10.90	171.04	15.69
11.00	174.54	15.87
11.10	178.09	16.04
11.20	181.67	16.22
11.30	185.29	16.40
11.40	188.96	16.58
11.50	192.67	16.75
11.60	196.42	16.93
11.70	200.22	17.11
11.80	204.06	17.29
11.90	207.94	17.47
12.00	211.86	17.66
12.10	215.83	17.84
12.20	219.84	18.02
12.30	223.90	18.20
12.40	227.99	18.39
12.50	232.14	18.57
12.60	236.33	18.76
12.70	240.56	18.94
12.80	244.84	19.13
12.90	249.16	19.31
13.00	253.53	19.50
13.10	257.94	19.69
13.20	262.40	19.88
13.30	266.90	20.07
13.40	271.45	20.26
13.50	276.05	20.45
13.60	280.69	20.64
13.70	285.38	20.83
13.80	290.12	21.02
13.90	294.90	21.22
14.00	299.73	21.41
14.10	304.60	21.60
14.20	309.53	21.80
14.30	314.50	21.99
14.40	319.52	22.19
14.50	324.59	22.39
14.60	329.70	22.58
14.70	334.87	22.78
14.80	340.08	22.98
14.90	345.34	23.18
15.00	350.65	23.38
15.10	356.01	23.58
15.20	361.42	23.78
15.30	366.88	23.98
15.40	372.38	24.18
15.50	377.94	24.38
15.60	383.55	24.59
15.70	389.21	24.79
15.80	394.92	24.99
15.90	400.68	25.20
16.00	406.48	25.41
16.10	412.35	25.61
16.20	418.26	25.82
16.30	424.22	26.03
16.40	430.24	26.23
16.50	436.30	26.44
16.60	442.42	26.65
16.70	448.60	26.86
16.80	454.82	27.07
16.90	461.10	27.28
17.00	467.42	27.50
17.10	473.81	27.71
17.20	480.24	27.92
17.30	486.73	28.13
17.40	493.27	28.35
17.50	499.87	28.56
17.60	506.52	28.78
17.70	513.22	29.00
17.80	519.98	29.21
17.90	526.80	29.43
18.00	533.66	29.65
18.10	540.59	29.87
18.20	547.56	30.09
18.30	554.60	30.31
18.40	561.69	30.53
18.50	568.83	30.75
18.60	576.03	30.97
18.70	583.29	31.19
18.80	590.60	31.41
18.90	597.97	31.64
19.00	605.40	31.86
19.10	612.88	32.09
19.20	620.42	32.31
19.30	628.02	32.54
19.40	635.67	32.77
19.50	643.39	32.99
19.60	651.16	33.22
19.70	658.99	33.45
19.80	666.88	33.68
19.90	674.82	33.91
20.00	682.83	34.14
20.10	690.89	34.37
20.20	699.01	34.60
20.30	707.19	34.84
20.40	715.44	35.07
20.50	723.74	35.30
20.60	732.10	35.54
20.70	740.52	35.77
20.80	749.00	36.01
20.90	757.55	36.25
21.00	766.15	36.48
21.10	774.81	36.72
21.20	783.54	36.96
21.30	792.33	37.20
21.40	801.18	37.44
21.50	810.09	37.68
21.60	819.06	37.92
21.70	828.09	38.16
21.80	837.19	38.40
21.90	846.35	38.65
22.00	855.57	38.89
22.10	864.86	39.13
22.20	874.21	39.38
22.30	883.62	39.62
22.40	893.10	39.87
22.50	902.64	40.12
22.60	912.24	40.36
22.70	921.91	40.61
22.80	931.64	40.86
22.90	941.44	41.11
23.00	951.30	41.36
23.10	961.23	41.61
23.20	971.22	41.86
23.30	981.28	42.11
23.40	991.40	42.37
23.50	1001.60	42.62
23.60	1011.85	42.87
23.70	1022.17	43.13
23.80	1032.56	43.38
23.90	1043.02	43.64
24.00	1053.54	43.90
24.10	1064.13	44.15
24.20	1074.79	44.41
24.30	1085.52	44.67
24.40	1096.31	44.93
24.50	1107.17	45.19
24.60	1118.10	45.45
24.70	1129.10	45.71
24.80	1140.17	45.97
24.90	1151.30	46.24
25.00	1162.51	46.50
25.10	1173.78	46.76
25.20	1185.13	47.03
25.30	1196.54	47.29
25.40	1208.03	47.56
25.50	1219.58	47.83
25.60	1231.21	48.09
25.70	1242.90	48.36
25.80	1254.67	48.63
25.90	1266.51	48.90
26.00	1278.41	49.17
26.10	1290.40	49.44
26.20	1302.45	49.71
26.30	1314.57	49.98
26.40	1326.77	50.26
26.50	1339.04	50.53
26.60	1351.38	50.80
26.70	1363.79	51.08
26.80	1376.28	51.35
26.90	1388.84	51.63
27.00	1401.47	51.91
27.10	1414.18	52.18
27.20	1426.96	52.46
27.30	1439.82	52.74
27.40	1452.75	53.02
27.50	1465.75	53.30
27.60	1478.83	53.58
27.70	1491.99	53.86
27.80	1505.22	54.14
27.90	1518.52	54.43
28.00	1531.91	54.71
28.10	1545.36	54.99
28.20	1558.90	55.28
28.30	1572.51	55.57
28.40	1586.19	55.85
28.50	1599.96	56.14
28.60	1613.80	56.43
28.70	1627.71	56.71
28.80	1641.71	57.00
28.90	1655.78	57.29
29.00	1669.93	57.58
29.10	1684.16	57.87
29.20	1698.47	58.17
29.30	1712.85	58.46
29.40	1727.32	58.75
29.50	1741.86	59.05
29.60	1756.49	59.34
29.70	1771.19	59.64
29.80	1785.97	59.93
29.90	1800.83	60.23
30.00	1815.78	60.53
30.10	1830.80	60.82
30.20	1845.90	61.12
30.30	1861.09	61.42
30.40	1876.36	61.72
30.50	1891.70	62.02
30.60	1907.13	62.32
30.70	1922.64	62.63
30.80	1938.23	62.93
30.90	1953.91	63.23
31.00	1969.67	63.54
31.10	1985.51	63.84
31.20	2001.43	64.15
31.30	2017.44	64.45
31.40	2033.53	64.76
31.50	2049.70	65.07
31.60	2065.96	65.38
31.70	2082.30	65.69
31.80	2098.73	66.00
31.90	2115.24	66.31
32.00	2131.83	66.62
32.10	2148.51	66.93
32.20	2165.28	67.24
32.30	2182.13	67.56
32.40	2199.07	67.87
32.50	2216.09	68.19
32.60	2233.20	68.50
32.70	2250.40	68.82
32.80	2267.68	69.14
32.90	2285.05	69.45
33.00	2302.50	69.77
33.10	2320.05	70.09
33.20	2337.68	70.41
33.30	2355.40	70.73
33.40	2373.21	71.05
33.50	2391.10	71.38
33.60	2409.09	71.70
33.70	2427.16	72.02
33.80	2445.32	72.35
33.90	2463.58	72.67
34.00	2481.92	73.00
34.10	2500.35	73.32
34.20	2518.87	73.65
34.30	2537.48	73.98
34.40	2556.19	74.31
34.50	2574.98	74.64
34.60	2593.86	74.97
34.70	2612.84	75.30
34.80	2631.90	75.63
34.90	2651.06	75.96
35.00	2670.31	76.29
35.10	2689.66	76.63
35.20	2709.09	76.96
35.30	2728.62	77.30
35.40	2748.24	77.63
35.50	2767.95	77.97
35.60	2787.76	78.31
35.70	2807.66	78.65
35.80	2827.66	78.98
35.90	2847.75	79.32
36.00	2867.93	79.66
36.10	2888.21	80.01
36.20	2908.58	80.35
36.30	2929.05	80.69
36.40	2949.62	81.03
36.50	2970.28	81.38
36.60	2991.03	81.72
36.70	3011.88	82.07
36.80	3032.83	82.41
36.90	3053.88	82.76
37.00	3075.02	83.11
37.10	3096.26	83.46
37.20	3117.59	83.81
37.30	3139.03	84.16
37.40	3160.56	84.51
37.50	3182.19	84.86
37.60	3203.92	85.21
37.70	3225.74	85.56
37.80	3247.67	85.92
37.90	3269.70	86.27
38.00	3291.82	86.63
38.10	3314.04	86.98
38.20	3336.37	87.34
38.30	3358.79	87.70
38.40	3381.32	88.06
38.50	3403.94	88.41
38.60	3426.67	88.77
38.70	3449.50	89.13
38.80	3472.43	89.50
38.90	3495.45	89.86
39.00	3518.59	90.22
39.10	3541.82	90.58
39.20	3565.16	90.95
39.30	3588.60	91.31
39.40	3612.14	91.68
39.50	3635.79	92.05
39.60	3659.54	92.41
39.70	3683.39	92.78
39.80	3707.35	93.15
39.90	3731.41	93.52
40.00	3755.58	93.89
40.10	3779.85	94.26
40.20	3804.22	94.63
40.30	3828.71	95.01
40.40	3853.29	95.38
40.50	3877.98	95.75
40.60	3902.78	96.13
40.70	3927.69	96.50
40.80	3952.70	96.88
40.90	3977.82	97.26
41.00	4003.04	97.64
41.10	4028.38	98.01
41.20	4053.82	98.39
41.30	4079.36	98.77
41.40	4105.02	99.16
41.50	4130.79	99.54
41.60	4156.66	99.92
41.70	4182.64	100.30
41.80	4208.73	100.69
41.90	4234.94	101.07
42.00	4261.25	101.46
42.10	4287.67	101.85
42.20	4314.20	102.23
42.30	4340.84	102.62
42.40	4367.59	103.01
42.50	4394.46	103.40
42.60	4421.43	103.79
42.70	4448.52	104.18
42.80	4475.72	104.57
42.90	4503.03	104.97
43.00	4530.45	105.36
43.10	4557.99	105.75
43.20	4585.64	106.15
43.30	4613.40	106.55
43.40	4641.28	106.94
43.50	4669.27	107.34
43.60	4697.37	107.74
43.70	4725.59	108.14
43.80	4753.92	108.54
43.90	4782.37	108.94
44.00	4810.93	109.34
44.10	4839.61	109.74
44.20	4868.40	110.15
44.30	4897.31	110.55
44.40	4926.34	110.95
44.50	4955.48	111.36
44.60	4984.74	111.77
44.70	5014.12	112.17
44.80	5043.61	112.58
44.90	5073.22	112.99
45.00	5102.95	113.40
45.10	5132.80	113.81
45.20	5162.76	114.22
45.30	5192.85	114.63
45.40	5223.05	115.05
45.50	5253.37	115.46
45.60	5283.81	115.87
45.70	5314.37	116.29
45.80	5345.06	116.70
45.90	5375.86	117.12
46.00	5406.78	117.54
46.10	5437.83	117.96
46.20	5468.99	118.38
46.30	5500.28	118.80
46.40	5531.69	119.22
46.50	5563.22	119.64
46.60	5594.87	120.06
46.70	5626.64	120.49
46.80	5658.54	120.91
46.90	5690.56	121.33
47.00	5722.71	121.76
47.10	5754.98	122.19
47.20	5787.37	122.61
47.30	5819.89	123.04
47.40	5852.53	123.47
47.50	5885.29	123.90
47.60	5918.19	124.33
47.70	5951.21	124.76
47.80	5984.35	125.20
47.90	6017.62	125.63
48.00	6051.01	126.06
48.10	6084.54	126.50
48.20	6118.18	126.93
48.30	6151.96	127.37
48.40	6185.86	127.81
48.50	6219.89	128.25
48.60	6254.05	128.68
48.70	6288.34	129.12
48.80	6322.76	129.57
48.90	6357.30	130.01
49.00	6391.98	130.45
49.10	6426.78	130.89
49.20	6461.72	131.34
49.30	6496.78	131.78
49.40	6531.97	132.23
49.50	6567.30	132.67
49.60	6602.75	133.12
49.70	6638.34	133.57
49.80	6674.06	134.02
49.90	6709.91	134.47
50.00	6745.90	134.92
50.10	6782.01	135.37
50.20	6818.26	135.82
50.30	6854.64	136.28
50.40	6891.15	136.73
50.50	6927.80	137.18
50.60	6964.58	137.64
50.70	7001.50	138.10
50.80	7038.55	138.55
50.90	7075.73	139.01
51.00	7113.06	139.47
51.10	7150.51	139.93
51.20	7188.10	140.39
51.30	7225.83	140.85
51.40	7263.69	141.32
51.50	7301.69	141.78
51.60	7339.83	142.25
51.70	7378.11	142.71
51.80	7416.52	143.18
51.90	7455.07	143.64
52.00	7493.76	144.11
52.10	7532.58	144.58
52.20	7571.55	145.05
52.30	7610.66	145.52
52.40	7649.90	145.99
52.50	7689.28	146.46
52.60	7728.80	146.94
52.70	7768.47	147.41
52.80	7808.27	147.88
52.90	7848.22	148.36
53.00	7888.30	148.84
53.10	7928.53	149.31
53.20	7968.90	149.79
53.30	8009.41	150.27
53.40	8050.07	150.75
53.50	8090.87	151.23
53.60	8131.81	151.71
53.70	8172.89	152.20
53.80	8214.11	152.68
53.90	8255.49	153.16
54.00	8297.00	153.65
54.10	8338.66	154.13
54.20	8380.46	154.62
54.30	8422.41	155.11
54.40	8464.51	155.60
54.50	8506.75	156.09
54.60	8549.14	156.58
54.70	8591.67	157.07
54.80	8634.35	157.56
54.90	8677.18	158.06
55.00	8720.15	158.55
55.10	8763.28	159.04
55.20	8806.55	159.54
55.30	8849.97	160.04
55.40	8893.54	160.53
55.50	8937.25	161.03
55.60	8981.12	161.53
55.70	9025.13	162.03
55.80	9069.30	162.53
55.90	9113.62	163.04
56.00	9158.08	163.54
56.10	9202.70	164.04
56.20	9247.47	164.55
56.30	9292.39	165.05
56.40	9337.46	165.56
56.50	9382.68	166.07
56.60	9428.06	166.57
56.70	9473.59	167.08
56.80	9519.27	167.59
56.90	9565.11	168.10
57.00	9611.10	168.62
57.10	9657.24	169.13
57.20	9703.54	169.64
57.30	9749.99	170.16
57.40	9796.60	170.67
57.50	9843.36	171.19
57.60	9890.29	171.71
57.70	9937.36	172.23
57.80	9984.59	172.74
57.90	10031.98	173.26
58.00	10079.53	173.79
58.10	10127.23	174.31
58.20	10175.09	174.83
58.30	10223.11	175.35
58.40	10271.29	175.88
58.50	10319.63	176.40
58.60	10368.12	176.93
58.70	10416.78	177.46
58.80	10465.59	177.99
58.90	10514.56	178.52
59.00	10563.70	179.05
59.10	10613.00	179.58
59.20	10662.45	180.11
59.30	10712.07	180.64
59.40	10761.85	181.18
59.50	10811.79	181.71
59.60	10861.89	182.25
59.70	10912.16	182.78
59.80	10962.59	183.32
59.90	11013.18	183.86
60.00	11063.94	184.40
60.10	11114.86	184.94
60.20	11165.95	185.48
60.30	11217.20	186.02
60.40	11268.61	186.57
60.50	11320.19	187.11
60.60	11371.94	187.66
60.70	11423.85	188.20
60.80	11475.93	188.75
60.90	11528.18	189.30
61.00	11580.59	189.85
61.10	11633.17	190.40
61.20	11685.92	190.95
61.30	11738.83	191.50
61.40	11791.92	192.05
61.50	11845.17	192.61
61.60	11898.60	193.16
61.70	11952.19	193.72
61.80	12005.95	194.27
61.90	12059.89	194.83
62.00	12113.99	195.39
62.10	12168.26	195.95
62.20	12222.71	196.51
62.30	12277.32	197.07
62.40	12332.12	197.63
62.50	12387.08	198.19
62.60	12442.21	198.76
62.70	12497.52	199.32
62.80	12553.00	199.89
62.90	12608.65	200.46
63.00	12664.48	201.02
63.10	12720.48	201.59
63.20	12776.66	202.16
63.30	12833.01	202.73
63.40	12889.54	203.31
63.50	12946.25	203.88
63.60	13003.13	204.45
63.70	13060.19	205.03
63.80	13117.42	205.60
63.90	13174.83	206.18
64.00	13232.42	206.76
64.10	13290.19	207.34
64.20	13348.13	207.92
64.30	13406.26	208.50
64.40	13464.56	209.08
64.50	13523.04	209.66
64.60	13581.71	210.24
64.70	13640.54	210.83
64.80	13699.57	211.41
64.90	13758.77	212.00
65.00	13818.16	212.59
65.10	13877.72	213.18
65.20	13937.47	213.77
65.30	13997.40	214.36
65.40	14057.52	214.95
65.50	14117.82	215.54
65.60	14178.29	216.13
65.70	14238.95	216.73
65.80	14299.80	217.32
65.90	14360.83	217.92
66.00	14422.05	218.52
66.10	14483.46	219.12
66.20	14545.04	219.72
66.30	14606.82	220.32
66.40	14668.78	220.92
66.50	14730.93	221.52
66.60	14793.26	222.12
66.70	14855.78	222.73
66.80	14918.49	223.33
66.90	14981.39	223.94
67.00	15044.48	224.55
67.10	15107.75	225.15
67.20	15171.22	225.76
67.30	15234.87	226.37
67.40	15298.72	226.99
67.50	15362.75	227.60
67.60	15426.98	228.21
67.70	15491.39	228.83
67.80	15556.00	229.44
67.90	15620.81	230.06
68.00	15685.80	230.68
68.10	15750.98	231.29
68.20	15816.36	231.91
68.30	15881.93	232.53
68.40	15947.70	233.16
68.50	16013.66	233.78
68.60	16079.82	234.40
68.70	16146.17	235.03
68.80	16212.71	235.65
68.90	16279.45	236.28
69.00	16346.39	236.91
69.10	16413.52	237.53
69.20	16480.85	238.16
69.30	16548.38	238.79
69.40	16616.11	239.43
69.50	16684.03	240.06
69.60	16752.15	240.69
69.70	16820.47	241.33
69.80	16889.00	241.96
69.90	16957.71	242.60
70.00	17026.63	243.24
70.10	17095.76	243.88
70.20	17165.08	244.52
70.30	17234.60	245.16
70.40	17304.33	245.80
70.50	17374.24	246.44
70.60	17444.37	247.09
70.70	17514.70	247.73
70.80	17585.24	248.38
70.90	17655.98	249.03
71.00	17726.92	249.68
71.10	17798.07	250.33
71.20	17869.42	250.98
71.30	17940.97	251.63
71.40	18012.74	252.28
71.50	18084.70	252.93
71.60	18156.87	253.59
71.70	18229.25	254.25
71.80	18301.84	254.90
71.90	18374.63	255.56
72.00	18447.63	256.22
72.10	18520.85	256.88
72.20	18594.27	257.54
72.30	18667.89	258.20
72.40	18741.74	258.87
72.50	18815.78	259.53
72.60	18890.04	260.20
72.70	18964.51	260.86
72.80	19039.19	261.53
72.90	19114.08	262.20
73.00	19189.19	262.87
73.10	19264.50	263.54
73.20	19340.03	264.21
73.30	19415.78	264.88
73.40	19491.72	265.56
73.50	19567.90	266.23
73.60	19644.28	266.91
73.70	19720.88	267.59
73.80	19797.69	268.26
73.90	19874.72	268.94
74.00	19951.97	269.62
74.10	20029.43	270.30
74.20	20107.11	270.99
74.30	20185.01	271.67
74.40	20263.12	272.36
74.50	20341.45	273.04
74.60	20420.00	273.73
74.70	20498.76	274.42
74.80	20577.76	275.11
74.90	20656.96	275.80
75.00	20736.39	276.49
75.10	20816.04	277.18
75.20	20895.91	277.87
75.30	20976.01	278.57
75.40	21056.32	279.26
75.50	21136.85	279.96
75.60	21217.61	280.66
75.70	21298.59	281.36
75.80	21379.80	282.06
75.90	21461.23	282.76
76.00	21542.88	283.46
76.10	21624.76	284.16
76.20	21706.87	284.87
76.30	21789.19	285.57
76.40	21871.74	286.28
76.50	21954.53	286.99
76.60	22037.54	287.70
76.70	22120.77	288.41
76.80	22204.23	289.12
76.90	22287.93	289.83
77.00	22371.85	290.55
77.10	22455.99	291.26
77.20	22540.37	291.98
77.30	22624.98	292.69
77.40	22709.82	293.41
77.50	22794.89	294.13
77.60	22880.19	294.85
77.70	22965.73	295.57
77.80	23051.49	296.29
77.90	23137.48	297.02
78.00	23223.72	297.74
78.10	23310.18	298.47
78.20	23396.88	299.20
78.30	23483.81	299.92
78.40	23570.97	300.65
78.50	23658.38	301.38
78.60	23746.02	302.11
78.70	23833.89	302.85
78.80	23922.00	303.58
78.90	24010.35	304.32
79.00	24098.93	305.05
79.10	24187.76	305.79
79.20	24276.82	306.53
79.30	24366.11	307.27
79.40	24455.65	308.01
79.50	24545.43	308.75
79.60	24635.45	309.49
79.70	24725.70	310.24
79.80	24816.21	310.98
79.90	24906.95	311.73
80.00	24997.94	312.48
80.10	25089.16	313.23
80.20	25180.63	313.98
80.30	25272.34	314.73
80.40	25364.29	315.48
80.50	25456.48	316.23
80.60	25548.93	316.99
80.70	25641.62	317.74
80.80	25734.55	318.50
80.90	25827.73	319.26
81.00	25921.16	320.02
81.10	26014.83	320.78
81.20	26108.74	321.54
81.30	26202.91	322.30
81.40	26297.33	323.07
81.50	26392.00	323.83
81.60	26486.91	324.60
81.70	26582.08	325.36
81.80	26677.49	326.13
81.90	26773.16	326.90
82.00	26869.07	327.67
82.10	26965.24	328.45
82.20	27061.65	329.22
82.30	27158.31	329.99
82.40	27255.24	330.77
82.50	27352.42	331.55
82.60	27449.85	332.33
82.70	27547.53	333.10
82.80	27645.47	333.89
82.90	27743.66	334.67
83.00	27842.11	335.45
83.10	27940.81	336.23
83.20	28039.79	337.02
83.30	28139.00	337.81
83.40	28238.47	338.59
83.50	28338.21	339.38
83.60	28438.20	340.17
83.70	28538.46	340.96
83.80	28638.97	341.76
83.90	28739.74	342.55
84.00	28840.78	343.35
84.10	28942.06	344.14
84.20	29043.62	344.94
84.30	29145.44	345.74
84.40	29247.51	346.54
84.50	29349.86	347.34
84.60	29452.46	348.14
84.70	29555.33	348.94
84.80	29658.46	349.75
84.90	29761.86	350.55
85.00	29865.52	351.36
85.10	29969.45	352.17
85.20	30073.63	352.98
85.30	30178.10	353.79
85.40	30282.82	354.60
85.50	30387.81	355.42
85.60	30493.08	356.23
85.70	30598.61	357.05
85.80	30704.41	357.86
85.90	30810.47	358.68
86.00	30916.82	359.50
86.10	31023.43	360.32
86.20	31130.31	361.14
86.30	31237.46	361.97
86.40	31344.89	362.79
86.50	31452.58	363.62
86.60	31560.54	364.44
86.70	31668.79	365.27
86.80	31777.32	366.10
86.90	31886.10	366.93
87.00	31995.18	367.76
87.10	32104.52	368.60
87.20	32214.13	369.43
87.30	32324.03	370.27
87.40	32434.21	371.10
87.50	32544.65	371.94
87.60	32655.38	372.78
87.70	32766.38	373.62
87.80	32877.68	374.46
87.90	32989.23	375.31
88.00	33101.07	376.15
88.10	33213.20	377.00
88.20	33325.60	377.84
88.30	33438.29	378.69
88.40	33551.26	379.54
88.50	33664.52	380.39
88.60	33778.05	381.25
88.70	33891.86	382.10
88.80	34005.96	382.95
88.90	34120.35	383.81
89.00	34235.03	384.67
89.10	34349.98	385.53
89.20	34465.21	386.38
89.30	34580.76	387.25
89.40	34696.57	388.11
89.50	34812.67	388.97
89.60	34929.07	389.84
89.70	35045.76	390.70
89.80	35162.73	391.57
89.90	35279.98	392.44
90.00	35397.53	393.31
90.10	35515.38	394.18
90.20	35633.51	395.05
90.30	35751.94	395.93
90.40	35870.66	396.80
90.50	35989.67	397.68
90.60	36108.97	398.56
90.70	36228.57	399.44
90.80	36348.46	400.32
90.90	36468.64	401.20
91.00	36589.12	402.08
91.10	36709.90	402.97
91.20	36830.98	403.85
91.30	36952.35	404.74
91.40	37074.02	405.63
91.50	37195.98	406.52
91.60	37318.25	407.41
91.70	37440.82	408.30
91.80	37563.68	409.19
91.90	37686.84	410.09
92.00	37810.31	410.99
92.10	37934.08	411.88
92.20	38058.14	412.78
92.30	38182.52	413.68
92.40	38307.19	414.58
92.50	38432.18	415.49
92.60	38557.46	416.39
92.70	38683.04	417.30
92.80	38808.93	418.20
92.90	38935.13	419.11
93.00	39061.63	420.02
93.10	39188.45	420.93
93.20	39315.57	421.84
93.30	39442.99	422.76
93.40	39570.73	423.67
93.50	39698.77	424.59
93.60	39827.13	425.51
93.70	39955.79	426.43
93.80	40084.76	427.35
93.90	40214.04	428.27
94.00	40343.64	429.19
94.10	40473.54	430.12
94.20	40603.77	431.04
94.30	40734.30	431.97
94.40	40865.15	432.90
94.50	40996.31	433.83
94.60	41127.79	434.76
94.70	41259.59	435.69
94.80	41391.69	436.63
94.90	41524.12	437.56
95.00	41656.86	438.50
95.10	41789.93	439.44
95.20	41923.31	440.37
95.30	42057.00	441.32
95.40	42191.02	442.26
95.50	42325.36	443.20
95.60	42460.02	444.15
95.70	42595.00	445.09
95.80	42730.31	446.04
95.90	42865.94	446.99
96.00	43001.89	447.94
96.10	43138.16	448.89
96.20	43274.75	449.85
96.30	43411.68	450.80
96.40	43548.91	451.76
96.50	43686.49	452.71
96.60	43824.39	453.67
96.70	43962.61	454.63
96.80	44101.17	455.59
96.90	44240.04	456.56
97.00	44379.25	457.52
97.10	44518.79	458.49
97.20	44658.65	459.46
97.30	44798.86	460.42
97.40	44939.38	461.39
97.50	45080.24	462.37
97.60	45221.44	463.34
97.70	45362.96	464.31
97.80	45504.82	465.29
97.90	45647.01	466.27
98.00	45789.54	467.24
98.10	45932.41	468.22
98.20	46075.61	469.21
98.30	46219.14	470.19
98.40	46363.01	471.17
98.50	46507.21	472.16
98.60	46651.77	473.15
98.70	46796.66	474.13
98.80	46941.88	475.12
98.90	47087.45	476.12
99.00	47233.35	477.11
99.10	47379.60	478.10
99.20	47526.18	479.10
99.30	47673.12	480.10
99.40	47820.40	481.10
99.50	47968.02	482.10
99.60	48115.97	483.10
99.70	48264.27	484.10
99.80	48412.93	485.10
99.90	48561.92	486.11
100.00	48711.26	487.12
100.10	48860.96	488.13
100.20	49010.99	489.14
100.30	49161.38	490.15
100.40	49312.12	491.16
100.50	49463.20	492.18
100.60	49614.62	493.19
100.70	49766.41	494.21
100.80	49918.54	495.23
100.90	50071.04	496.25
101.00	50223.88	497.27
101.10	50377.08	498.29
101.20	50530.62	499.32
101.30	50684.53	500.35
101.40	50838.78	501.37
101.50	50993.40	502.40
101.60	51148.37	503.43
101.70	51303.70	504.47
101.80	51459.38	505.50
101.90	51615.41	506.53
102.00	51771.83	507.57
102.10	51928.59	508.61
102.20	52085.70	509.65
102.30	52243.19	510.69
102.40	52401.04	511.73
102.50	52559.23	512.78
102.60	52717.80	513.82
102.70	52876.73	514.87
102.80	53036.02	515.92
102.90	53195.67	516.97
103.00	53355.70	518.02
103.10	53516.08	519.07
103.20	53676.85	520.13
103.30	53837.96	521.19
103.40	53999.46	522.24
103.50	54161.31	523.30
103.60	54323.53	524.36
103.70	54486.13	525.43
103.80	54649.10	526.49
103.90	54812.44	527.56
104.00	54976.14	528.62
104.10	55140.23	529.69
104.20	55304.67	530.76
104.30	55469.51	531.83
104.40	55634.71	532.90
104.50	55800.29	533.98
104.60	55966.24	535.06
104.70	56132.56	536.13
104.80	56299.27	537.21
104.90	56466.35	538.29
105.00	56633.81	539.37
105.10	56801.65	540.46
105.20	56969.87	541.54
105.30	57138.46	542.63
105.40	57307.45	543.72
105.50	57476.80	544.81
105.60	57646.54	545.90
105.70	57816.65	546.99
105.80	57987.16	548.09
105.90	58158.05	549.18
106.00	58329.33	550.28
106.10	58500.99	551.38
106.20	58673.03	552.48
106.30	58845.46	553.58
106.40	59018.27	554.69
106.50	59191.48	555.79
106.60	59365.07	556.90
106.70	59539.07	558.01
106.80	59713.44	559.12
106.90	59888.21	560.23
107.00	60063.36	561.35
107.10	60238.91	562.46
107.20	60414.86	563.58
107.30	60591.19	564.70
107.40	60767.92	565.81
107.50	60945.04	566.94
107.60	61122.56	568.06
107.70	61300.48	569.18
107.80	61478.79	570.31
107.90	61657.49	571.44
108.00	61836.59	572.57
108.10	62016.11	573.70
108.20	62196.02	574.83
108.30	62376.31	575.96
108.40	62557.03	577.10
108.50	62738.13	578.24
108.60	62919.62	579.38
108.70	63101.54	580.52
108.80	63283.86	581.66
108.90	63466.58	582.80
109.00	63649.70	583.95
109.10	63833.24	585.10
109.20	64017.17	586.24
109.30	64201.50	587.39
109.40	64386.25	588.55
109.50	64571.42	589.70
109.60	64756.98	590.85
109.70	64942.96	592.01
109.80	65129.34	593.17
109.90	65316.14	594.33
110.00	65503.36	595.49
110.10	65691.00	596.65
110.20	65879.03	597.82
110.30	66067.48	598.99
110.40	66256.34	600.15
110.50	66445.63	601.32
110.60	66635.34	602.50
110.70	66825.46	603.67
110.80	67015.98	604.84
110.90	67206.94	606.02
111.00	67398.31	607.20
111.10	67590.10	608.38
111.20	67782.31	609.56
111.30	67974.95	610.74
111.40	68168.02	611.93
111.50	68361.47	613.11
111.60	68555.37	614.30
111.70	68749.69	615.49
111.80	68944.44	616.68
111.90	69139.62	617.88
112.00	69335.23	619.07
112.10	69531.25	620.27
112.20	69727.71	621.47
112.30	69924.57	622.67
112.40	70121.89	623.87
112.50	70319.63	625.07
112.60	70517.81	626.27
112.70	70716.42	627.48
112.80	70915.45	628.69
112.90	71114.93	629.90
113.00	71314.84	631.11
113.10	71515.17	632.32
113.20	71715.95	633.54
113.30	71917.17	634.76
113.40	72118.81	635.97
113.50	72320.89	637.20
113.60	72523.42	638.42
113.70	72726.39	639.64
113.80	72929.79	640.87
113.90	73133.62	642.09
114.00	73337.91	643.32
114.10	73542.64	644.55
114.20	73747.80	645.78
114.30	73953.42	647.02
114.40	74159.44	648.25
114.50	74365.95	649.49
114.60	74572.89	650.73
114.70	74780.29	651.97
114.80	74988.12	653.21
114.90	75196.41	654.46
115.00	75405.16	655.70
115.10	75614.34	656.95
115.20	75823.97	658.20
115.30	76034.05	659.45
115.40	76244.59	660.71
115.50	76455.57	661.96
115.60	76667.01	663.22
115.70	76878.92	664.47
115.80	77091.26	665.73
115.90	77304.07	667.00
116.00	77517.35	668.26
116.10	77731.07	669.53
116.20	77945.24	670.79
116.30	78159.88	672.06
116.40	78374.99	673.33
116.50	78590.55	674.60
116.60	78806.56	675.88
116.70	79023.04	677.15
116.80	79239.98	678.43
116.90	79457.40	679.71
117.00	79675.27	680.99
117.10	79893.61	682.28
117.20	80112.41	683.56
117.30	80331.68	684.85
117.40	80551.40	686.13
117.50	80771.61	687.43
117.60	80992.28	688.72
117.70	81213.44	690.01
117.80	81435.05	691.31
117.90	81657.12	692.60
118.00	81879.68	693.90
118.10	82102.71	695.20
118.20	82326.21	696.51
118.30	82550.18	697.81
118.40	82774.64	699.12
118.50	82999.58	700.43
118.60	83224.98	701.74
118.70	83450.88	703.05
118.80	83677.23	704.36
118.90	83904.07	705.68
119.00	84131.40	706.99
119.10	84359.21	708.31
119.20	84587.49	709.63
119.30	84816.27	710.96
119.40	85045.52	712.28
119.50	85275.24	713.61
119.60	85505.48	714.94
119.70	85736.20	716.27
119.80	85967.38	717.60
119.90	86199.06	718.93
120.00	86431.23	720.27
120.10	86663.91	721.61
120.20	86897.05	722.94
120.30	87130.67	724.29
120.40	87364.80	725.63
120.50	87599.45	726.97
120.60	87834.56	728.32
120.70	88070.17	729.67
120.80	88306.29	731.02
120.90	88542.88	732.37
121.00	88779.98	733.73
121.10	89017.58	735.08
121.20	89255.66	736.44
121.30	89494.27	737.80
121.40	89733.37	739.16
121.50	89972.97	740.53
121.60	90213.07	741.89
121.70	90453.69	743.26
121.80	90694.77	744.63
121.90	90936.39	746.00
122.00	91178.50	747.37
122.10	91421.12	748.75
122.20	91664.27	750.12
122.30	91907.89	751.50
122.40	92152.05	752.88
122.50	92396.70	754.27
122.60	92641.87	755.65
122.70	92887.55	757.04
122.80	93133.73	758.43
122.90	93380.44	759.82
123.00	93627.64	761.21
123.10	93875.38	762.60
123.20	94123.60	764.00
123.30	94372.37	765.40
123.40	94621.66	766.80
123.50	94871.45	768.20
123.60	95121.77	769.60
123.70	95372.61	771.01
123.80	95623.98	772.42
123.90	95875.83	773.82
124.00	96128.23	775.24
124.10	96381.16	776.65
124.20	96634.60	778.06
124.30	96888.57	779.48
124.40	97143.09	780.90
124.50	97398.12	782.32
124.60	97653.67	783.75
124.70	97909.76	785.17
124.80	98166.37	786.60
124.90	98423.51	788.03
125.00	98681.19	789.46
125.10	98939.42	790.89
125.20	99198.15	792.33
125.30	99457.43	793.76
125.40	99717.24	795.20
125.50	99977.58	796.64
125.60	100238.48	798.09
125.70	100499.90	799.53
125.80	100761.85	800.98
125.90	101024.36	802.43
126.00	101287.41	803.88
126.10	101550.96	805.33
126.20	101815.09	806.78
126.30	102079.76	808.24
126.40	102344.97	809.70
126.50	102610.72	811.16
126.60	102877.03	812.62
126.70	103143.88	814.09
126.80	103411.26	815.55
126.90	103679.22	817.02
127.00	103947.71	818.49
127.10	104216.75	819.97
127.20	104486.36	821.44
127.30	104756.52	822.92
127.40	105027.20	824.40
127.50	105298.47	825.88
127.60	105570.28	827.36
127.70	105842.66	828.85
127.80	106115.58	830.33
127.90	106389.06	831.82
128.00	106663.11	833.31
128.10	106937.72	834.81
128.20	107212.89	836.30
128.30	107488.63	837.80
128.40	107764.94	839.30
128.50	108041.83	840.80
128.60	108319.25	842.30
128.70	108597.28	843.81
128.80	108875.85	845.32
128.90	109154.98	846.83
129.00	109434.68	848.34
129.10	109714.95	849.85
129.20	109995.82	851.37
129.30	110277.23	852.89
129.40	110559.23	854.41
129.50	110841.77	855.93
129.60	111124.92	857.45
129.70	111408.62	858.98
129.80	111692.90	860.51
129.90	111977.78	862.04
130.00	112263.23	863.57
130.10	112549.26	865.11
130.20	112835.88	866.64
130.30	113123.03	868.18
130.40	113410.80	869.72
130.50	113699.14	871.27
130.60	113988.08	872.81
130.70	114277.60	874.36
130.80	114567.73	875.91
130.90	114858.41	877.46
131.00	115149.70	879.01
131.10	115441.55	880.57
131.20	115733.99	882.13
131.30	116027.04	883.69
131.40	116320.72	885.25
131.50	116614.94	886.81
131.60	116909.77	888.38
131.70	117205.20	889.95
131.80	117501.20	891.52
131.90	117797.80	893.09
132.00	118095.02	894.67
132.10	118392.84	896.24
132.20	118691.25	897.82
132.30	118990.28	899.41
132.40	119289.90	900.99
132.50	119590.10	902.57
132.60	119890.91	904.16
132.70	120192.34	905.75
132.80	120494.36	907.34
132.90	120797.02	908.94
133.00	121100.27	910.54
133.10	121404.14	912.13
133.20	121708.59	913.74
133.30	122013.65	915.34
133.40	122319.33	916.94
133.50	122625.62	918.55
133.60	122932.56	920.16
133.70	123240.09	921.77
133.80	123548.25	923.39
133.90	123857.00	925.00
134.00	124166.38	926.62
134.10	124476.38	928.24
134.20	124786.99	929.87
134.30	125098.25	931.49
134.40	125410.12	933.12
134.50	125722.61	934.75
134.60	126035.72	936.38
134.70	126349.45	938.01
134.80	126663.82	939.65
134.90	126978.80	941.29
135.00	127294.45	942.93
135.10	127610.68	944.57
135.20	127927.56	946.22
135.30	128245.09	947.86
135.40	128563.23	949.51
135.50	128881.99	951.17
135.60	129201.40	952.82
135.70	129521.43	954.48
135.80	129842.15	956.13
135.90	130163.47	957.79
136.00	130485.45	959.46
136.10	130808.05	961.12
136.20	131131.30	962.79
136.30	131455.17	964.46
136.40	131779.69	966.13
136.50	132104.89	967.81
136.60	132430.70	969.48
136.70	132757.19	971.16
136.80	133084.30	972.84
136.90	133412.06	974.53
137.00	133740.47	976.21
137.10	134069.53	977.90
137.20	134399.28	979.59
137.30	134729.64	981.29
137.40	135060.69	982.98
137.50	135392.34	984.68
137.60	135724.69	986.38
137.70	136057.67	988.08
137.80	136391.31	989.78
137.90	136725.62	991.49
138.00	137060.61	993.20
138.10	137396.28	994.91
138.20	137732.58	996.62
138.30	138069.53	998.34
138.40	138407.14	1000.06
138.50	138745.44	1001.78
138.60	139084.39	1003.50
138.70	139424.03	1005.23
138.80	139764.34	1006.95
138.90	140105.34	1008.68
139.00	140446.97	1010.42
139.10	140789.28	1012.15
139.20	141132.28	1013.89
139.30	141475.92	1015.63
139.40	141820.30	1017.37
139.50	142165.31	1019.11
139.60	142511.02	1020.86
139.70	142857.39	1022.61
139.80	143204.45	1024.36
139.90	143552.19	1026.11
140.00	143900.61	1027.87
140.10	144249.72	1029.62
140.20	144599.53	1031.39
140.30	144950.02	1033.15
140.40	145301.17	1034.91
140.50	145653.05	1036.68
140.60	146005.59	1038.45
140.70	146358.83	1040.22
140.80	146712.75	1042.00
140.90	147067.39	1043.78
141.00	147422.70	1045.56
141.10	147778.75	1047.34
141.20	148135.44	1049.12
141.30	148492.88	1050.91
141.40	148850.97	1052.70
141.50	149209.77	1054.49
141.60	149569.31	1056.28
141.70	149929.53	1058.08
141.80	150290.45	1059.88
141.90	150652.06	1061.68
142.00	151014.41	1063.49
142.10	151377.45	1065.29
142.20	151741.19	1067.10
142.30	152105.66	1068.91
142.40	152470.81	1070.73
142.50	152836.73	1072.54
142.60	153203.30	1074.36
142.70	153570.62	1076.18
142.80	153938.64	1078.01
142.90	154307.38	1079.83
143.00	154676.83	1081.66
143.10	155047.05	1083.49
143.20	155417.97	1085.32
143.30	155789.56	1087.16
143.40	156161.92	1089.00
143.50	156534.98	1090.84
143.60	156908.77	1092.68
143.70	157283.28	1094.53
143.80	157658.55	1096.38
143.90	158034.53	1098.23
144.00	158411.27	1100.08
144.10	158788.72	1101.94
144.20	159166.88	1103.80
144.30	159545.77	1105.66
144.40	159925.41	1107.52
144.50	160305.80	1109.39
144.60	160686.92	1111.25
144.70	161068.80	1113.13
144.80	161451.41	1115.00
144.90	161834.73	1116.87
145.00	162218.80	1118.75
145.10	162603.61	1120.63
145.20	162989.20	1122.52
145.30	163375.52	1124.40
145.40	163762.61	1126.29
145.50	164150.41	1128.18
145.60	164538.97	1130.08
145.70	164928.27	1131.97
145.80	165318.33	1133.87
145.90	165709.14	1135.77
146.00	166100.75	1137.68
146.10	166493.08	1139.59
146.20	166886.20	1141.49
146.30	167280.00	1143.41
146.40	167674.62	1145.32
146.50	168069.98	1147.24
146.60	168466.12	1149.16
146.70	168863.03	1151.08
146.80	169260.67	1153.00
146.90	169659.14	1154.93
147.00	170058.31	1156.86
147.10	170458.27	1158.79
147.20	170859.00	1160.73
147.30	171260.48	1162.67
147.40	171662.81	1164.61
147.50	172065.83	1166.55
147.60	172469.69	1168.50
147.70	172874.30	1170.44
147.80	173279.69	1172.39
147.90	173685.81	1174.35
148.00	174092.75	1176.30
148.10	174500.45	1178.26
148.20	174909.00	1180.22
148.30	175318.31	1182.19
148.40	175728.38	1184.15
148.50	176139.23	1186.12
148.60	176550.86	1188.10
148.70	176963.33	1190.07
148.80	177376.55	1192.05
148.90	177790.61	1194.03
149.00	178205.38	1196.01
149.10	178621.05	1198.00
149.20	179037.47	1199.98
149.30	179454.64	1201.97
149.40	179872.66	1203.97
149.50	180291.45	1205.96
149.60	180711.08	1207.96
149.70	181131.48	1209.96
149.80	181552.73	1211.97
149.90	181974.72	1213.97
150.00	182397.55	1215.98
150.10	182821.20	1218.00
150.20	183245.61	1220.01
150.30	183670.89	1222.03
150.40	184096.97	1224.05
150.50	184523.88	1226.07
150.60	184951.55	1228.10
150.70	185380.08	1230.13
150.80	185809.39	1232.16
150.90	186239.50	1234.19
151.00	186670.50	1236.23
151.10	187102.31	1238.27
151.20	187534.94	1240.31
151.30	187968.39	1242.36
151.40	188402.66	1244.40
151.50	188837.75	1246.45
151.60	189273.62	1248.51
151.70	189710.39	1250.56
151.80	190147.98	1252.62
151.90	190586.39	1254.68
152.00	191025.69	1256.75
152.10	191465.75	1258.81
152.20	191906.66	1260.88
152.30	192348.38	1262.96
152.40	192790.98	1265.03
152.50	193234.48	1267.11
152.60	193678.75	1269.19
152.70	194123.91	1271.28
152.80	194569.88	1273.36
152.90	195016.67	1275.45
153.00	195464.33	1277.54
153.10	195912.84	1279.64
153.20	196362.22	1281.74
153.30	196812.44	1283.84
153.40	197263.55	1285.94
153.50	197715.47	1288.05
153.60	198168.27	1290.16
153.70	198621.89	1292.27
153.80	199076.38	1294.38
153.90	199531.73	1296.50
154.00	199987.97	1298.62
154.10	200445.06	1300.74
154.20	200903.03	1302.87
154.30	201361.86	1305.00
154.40	201821.55	1307.13
154.50	202282.08	1309.27
154.60	202743.50	1311.40
154.70	203205.84	1313.55
154.80	203669.02	1315.69
154.90	204133.06	1317.84
155.00	204598.00	1319.98
155.10	205063.80	1322.14
155.20	205530.48	1324.29
155.30	205998.03	1326.45
155.40	206466.50	1328.61
155.50	206935.83	1330.77
155.60	207406.06	1332.94
155.70	207877.19	1335.11
155.80	208349.14	1337.28
155.90	208822.02	1339.46
156.00	209295.78	1341.64
156.10	209770.45	1343.82
156.20	210246.03	1346.00
156.30	210722.50	1348.19
156.40	211199.86	1350.38
156.50	211678.11	1352.57
156.60	212157.27	1354.77
156.70	212637.28	1356.97
156.80	213118.25	1359.17
156.90	213600.14	1361.37
157.00	214082.91	1363.58
157.10	214566.62	1365.79
157.20	215051.17	1368.01
157.30	215536.64	1370.22
157.40	216023.05	1372.44
157.50	216510.39	1374.67
157.60	216998.64	1376.89
157.70	217487.78	1379.12
157.80	217977.89	1381.35
157.90	218468.88	1383.59
158.00	218960.80	1385.82
158.10	219453.59	1388.06
158.20	219947.33	1390.31
158.30	220442.02	1392.55
158.40	220937.69	1394.80
158.50	221434.25	1397.06
158.60	221931.70	1399.31
158.70	222430.11	1401.57
158.80	222929.47	1403.83
158.90	223429.72	1406.10
159.00	223930.92	1408.37
159.10	224433.09	1410.64
159.20	224936.19	1412.91
159.30	225440.22	1415.19
159.40	225945.20	1417.47
159.50	226451.11	1419.75
159.60	226957.98	1422.04
159.70	227465.78	1424.33
159.80	227974.56	1426.62
159.90	228484.25	1428.91
160.00	228994.95	1431.21
160.10	229506.55	1433.51
160.20	230019.12	1435.82
160.30	230532.67	1438.13
160.40	231047.14	1440.44
160.50	231562.62	1442.75
160.60	232079.05	1445.07
160.70	232596.42	1447.39
160.80	233114.77	1449.71
160.90	233634.06	1452.04
161.00	234154.33	1454.37
161.10	234675.56	1456.70
161.20	235197.77	1459.04
161.30	235721.00	1461.38
161.40	236245.12	1463.72
161.50	236770.30	1466.06
161.60	237296.42	1468.41
161.70	237823.53	1470.76
161.80	238351.58	1473.12
161.90	238880.64	1475.48
162.00	239410.73	1477.84
162.10	239941.75	1480.20
162.20	240473.80	1482.57
162.30	241006.80	1484.94
162.40	241540.78	1487.31
162.50	242075.78	1489.69
162.60	242611.75	1492.07
162.70	243148.77	1494.45
162.80	243686.73	1496.84
162.90	244225.78	1499.23
163.00	244765.77	1501.62
163.10	245306.73	1504.02
163.20	245848.67	1506.42
163.30	246391.67	1508.82
163.40	246935.64	1511.23
163.50	247480.72	1513.64
163.60	248026.75	1516.05
163.70	248573.80	1518.46
163.80	249121.86	1520.88
163.90	249670.88	1523.30
164.00	250220.95	1525.73
164.10	250772.05	1528.16
164.20	251324.20	1530.59
164.30	251877.34	1533.03
164.40	252431.53	1535.46
164.50	252986.75	1537.91
164.60	253542.95	1540.35
164.70	254100.19	1542.80
164.80	254658.47	1545.25
164.90	255217.83	1547.70
165.00	255778.16	1550.16
165.10	256339.61	1552.62
165.20	256901.98	1555.09
165.30	257465.45	1557.56
165.40	258029.98	1560.03
165.50	258595.50	1562.50
165.60	259162.11	1564.98
165.70	259729.77	1567.46
165.80	260298.52	1569.95
165.90	260868.20	1572.43
166.00	261438.98	1574.92
166.10	262010.83	1577.42
166.20	262583.75	1579.92
166.30	263157.69	1582.42
166.40	263732.75	1584.92
166.50	264308.78	1587.43
166.60	264885.97	1589.94
166.70	265464.19	1592.46
166.80	266043.44	1594.98
166.90	266623.75	1597.50
167.00	267205.19	1600.02
167.10	267787.69	1602.55
167.20	268371.22	1605.08
167.30	268955.91	1607.62
167.40	269541.56	1610.15
167.50	270128.34	1612.70
167.60	270716.22	1615.24
167.70	271305.16	1617.79
167.80	271895.22	1620.34
167.90	272486.31	1622.90
168.00	273078.53	1625.46
168.10	273671.81	1628.02
168.20	274266.19	1630.59
168.30	274861.66	1633.15
168.40	275458.19	1635.73
168.50	276055.88	1638.30
168.60	276654.66	1640.88
168.70	277254.59	1643.47
168.80	277855.50	1646.05
168.90	278457.59	1648.64
169.00	279060.75	1651.24
169.10	279665.00	1653.83
169.20	280270.38	1656.43
169.30	280876.94	1659.04
169.40	281484.53	1661.64
169.50	282093.28	1664.26
169.60	282703.12	1666.87
169.70	283314.06	1669.49
169.80	283926.16	1672.11
169.90	284539.34	1674.73
170.00	285153.72	1677.36
170.10	285769.19	1680.00
170.20	286385.78	1682.63
170.30	287003.47	1685.27
170.40	287622.28	1687.91
170.50	288242.28	1690.56
170.60	288863.38	1693.21
170.70	289485.62	1695.86
170.80	290109.06	1698.52
170.90	290733.59	1701.18
171.00	291359.25	1703.84
171.10	291986.09	1706.51
171.20	292614.06	1709.18
171.30	293243.12	1711.86
171.40	293873.38	1714.53
171.50	294504.81	1717.22
171.60	295137.38	1719.90
171.70	295771.12	1722.59
171.80	296406.03	1725.28
171.90	297042.06	1727.98
172.00	297679.25	1730.68
172.10	298317.59	1733.38
172.20	298957.16	1736.09
172.30	299597.88	1738.80
172.40	300239.75	1741.52
172.50	300882.81	1744.23
172.60	301527.03	1746.96
172.70	302172.38	1749.68
172.80	302818.94	1752.41
172.90	303466.72	1755.14
173.00	304115.59	1757.88
173.10	304765.78	1760.62
173.20	305417.03	1763.36
173.30	306069.53	1766.11
173.40	306723.19	1768.86
173.50	307378.06	1771.62
173.60	308034.09	1774.38
173.70	308691.38	1777.14
173.80	309349.91	1779.90
173.90	310009.53	1782.67
174.00	310670.34	1785.45
174.10	311332.38	1788.22
174.20	311995.59	1791.00
174.30	312660.09	1793.79
174.40	313325.78	1796.58
174.50	313992.69	1799.37
174.60	314660.78	1802.17
174.70	315330.09	1804.97
174.80	316000.59	1807.77
174.90	316672.34	1810.58
175.00	317345.28	1813.39
175.10	318019.53	1816.20
175.20	318694.91	1819.02
175.30	319371.56	1821.84
175.40	320049.47	1824.67
175.50	320728.56	1827.50
175.60	321408.88	1830.33
175.70	322090.44	1833.17
175.80	322773.22	1836.01
175.90	323457.31	1838.85
176.00	324142.62	1841.70
176.10	324829.16	1844.56
176.20	325516.94	1847.41
176.30	326205.94	1850.27
176.40	326896.19	1853.14
176.50	327587.66	1856.00
176.60	328280.53	1858.88
176.70	328974.56	1861.75
176.80	329669.84	1864.63
176.90	330366.44	1867.52
177.00	331064.22	1870.40
177.10	331763.28	1873.29
177.20	332463.59	1876.19
177.30	333165.25	1879.09
177.40	333868.12	1881.99
177.50	334572.34	1884.90
177.60	335277.78	1887.81
177.70	335984.47	1890.72
177.80	336692.44	1893.64
177.90	337401.69	1896.56
178.00	338112.25	1899.49
178.10	338824.09	1902.42
178.20	339537.28	1905.35
178.30	340251.66	1908.29
178.40	340967.38	1911.23
178.50	341684.34	1914.18
178.60	342402.62	1917.13
178.70	343122.19	1920.08
178.80	343843.12	1923.04
178.90	344565.34	1926.00
179.00	345288.88	1928.97
179.10	346013.66	1931.94
179.20	346739.75	1934.91
179.30	347467.16	1937.89
179.40	348195.88	1940.87
179.50	348925.97	1943.86
179.60	349657.34	1946.85
179.70	350390.09	1949.84
179.80	351124.09	1952.84
179.90	351859.41	1955.84
180.00	352596.09	1958.85
180.10	353334.00	1961.86
180.20	354073.44	1964.87
180.30	354814.06	1967.89
180.40	355556.09	1970.91
180.50	356299.41	1973.94
180.60	357044.06	1976.97
180.70	357790.09	1980.00
180.80	358537.41	1983.04
180.90	359286.12	1986.08
181.00	360036.22	1989.13
181.10	360787.62	1992.18
181.20	361540.34	1995.24
181.30	362294.47	1998.29
181.40	363049.94	2001.36
181.50	363806.72	2004.42
181.60	364564.91	2007.50
181.70	365324.50	2010.57
181.80	366085.41	2013.65
181.90	366847.75	2016.73
182.00	367611.41	2019.82
182.10	368376.44	2022.91
182.20	369142.81	2026.01
182.30	369910.56	2029.11
182.40	370679.78	2032.21
182.50	371450.34	2035.32
182.60	372222.28	2038.44
182.70	372995.62	2041.55
182.80	373770.31	2044.67
182.90	374546.44	2047.80
183.00	375323.84	2050.93
183.10	376102.81	2054.06
183.20	376883.06	2057.20
183.30	377664.78	2060.34
183.40	378447.91	2063.49
183.50	379232.41	2066.64
183.60	380018.31	2069.79
183.70	380805.62	2072.95
183.80	381594.31	2076.12
183.90	382384.47	2079.28
184.00	383176.06	2082.46
184.10	383969.06	2085.63
184.20	384763.47	2088.81
184.30	385559.25	2092.00
184.40	386356.53	2095.19
184.50	387155.19	2098.38
184.60	387955.34	2101.58
184.70	388756.91	2104.78
184.80	389559.94	2107.98
184.90	390364.31	2111.19
185.00	391170.16	2114.41
185.10	391977.50	2117.63
185.20	392786.22	2120.85
185.30	393596.53	2124.08
185.40	394408.09	2127.31
185.50	395221.28	2130.55
185.60	396035.84	2133.79
185.70	396851.84	2137.03
185.80	397669.34	2140.28
185.90	398488.19	2143.54
186.00	399308.56	2146.80
186.10	400130.50	2150.06
186.20	400953.94	2153.33
186.30	401778.69	2156.60
186.40	402605.00	2159.87
186.50	403432.78	2163.15
186.60	404262.03	2166.44
186.70	405092.81	2169.73
186.80	405924.97	2173.02
186.90	406758.66	2176.32
187.00	407593.84	2179.62
187.10	408430.62	2182.93
187.20	409268.75	2186.24
187.30	410108.44	2189.55
187.40	410949.62	2192.87
187.50	411792.31	2196.20
187.60	412636.47	2199.53
187.70	413482.12	2202.86
187.80	414329.38	2206.20
187.90	415178.12	2209.54
188.00	416028.28	2212.89
188.10	416880.03	2216.24
188.20	417733.34	2219.60
188.30	418588.12	2222.96
188.40	419444.41	2226.32
188.50	420302.28	2229.69
188.60	421161.62	2233.07
188.70	422022.50	2236.45
188.80	422884.94	2239.83
188.90	423748.97	2243.22
189.00	424614.47	2246.61
189.10	425481.50	2250.01
189.20	426350.16	2253.41
189.30	427220.28	2256.81
189.40	428091.97	2260.23
189.50	428965.22	2263.64
189.60	429840.09	2267.06
189.70	430716.38	2270.48
189.80	431594.25	2273.91
189.90	432473.81	2277.35
190.00	433354.94	2280.79
190.10	434237.47	2284.23
190.20	435121.69	2287.68
190.30	436007.47	2291.13
190.40	436894.75	2294.59
190.50	437783.69	2298.05
190.60	438674.16	2301.51
190.70	439566.31	2304.99
190.80	440460.00	2308.46
190.90	441355.22	2311.94
191.00	442252.06	2315.43
191.10	443150.50	2318.92
191.20	444050.56	2322.41
191.30	444952.22	2325.91
191.40	445855.50	2329.41
191.50	446760.34	2332.92
191.60	447666.78	2336.44
191.70	448574.81	2339.95
191.80	449484.53	2343.48
191.90	450395.84	2347.00
192.00	451308.75	2350.54
192.10	452223.28	2354.07
192.20	453139.53	2357.61
192.30	454057.28	2361.16
192.40	454976.69	2364.71
192.50	455897.72	2368.27
192.60	456820.44	2371.83
192.70	457744.75	2375.40
192.80	458670.66	2378.97
192.90	459598.28	2382.54
193.00	460527.56	2386.12
193.10	461458.47	2389.71
193.20	462390.97	2393.30
193.30	463325.22	2396.89
193.40	464261.09	2400.49
193.50	465198.59	2404.09
193.60	466137.81	2407.70
193.70	467078.62	2411.32
193.80	468021.12	2414.94
193.90	468965.31	2418.56
194.00	469911.25	2422.19
194.10	470858.75	2425.82
194.20	471807.94	2429.46
194.30	472758.88	2433.11
194.40	473711.44	2436.75
194.50	474665.72	2440.41
194.60	475621.62	2444.07
194.70	476579.34	2447.73
194.80	477538.69	2451.40
194.90	478499.72	2455.07
195.00	479462.41	2458.75
195.10	480426.94	2462.43
195.20	481393.09	2466.12
195.30	482360.91	2469.81
195.40	483330.56	2473.51
195.50	484301.88	2477.21
195.60	485274.81	2480.92
195.70	486249.56	2484.63
195.80	487226.06	2488.35
195.90	488204.25	2492.07
196.00	489184.12	2495.80
196.10	490165.72	2499.53
196.20	491149.19	2503.27
196.30	492134.34	2507.02
196.40	493121.19	2510.76
196.50	494109.81	2514.52
196.60	495100.19	2518.28
196.70	496092.22	2522.04
196.80	497086.09	2525.81
196.90	498081.78	2529.58
197.00	499079.12	2533.36
197.10	500078.19	2537.14
197.20	501079.06	2540.93
197.30	502081.84	2544.73
197.40	503086.25	2548.53
197.50	504092.47	2552.33
197.60	505100.47	2556.14
197.70	506110.25	2559.95
197.80	507121.78	2563.77
197.90	508135.12	2567.60
198.00	509150.31	2571.43
198.10	510167.19	2575.26
198.20	511185.88	2579.10
198.30	512206.31	2582.95
198.40	513228.69	2586.80
198.50	514252.81	2590.66
198.60	515278.66	2594.52
198.70	516306.47	2598.38
198.80	517336.00	2602.26
198.90	518367.34	2606.13
199.00	519400.50	2610.01
199.10	520435.56	2613.90
199.20	521472.34	2617.79
199.30	522511.00	2621.69
199.40	523551.53	2625.60
199.50	524593.81	2629.50
199.60	525637.94	2633.42
199.70	526683.94	2637.34
199.80	527731.88	2641.26
199.90	528781.50	2645.19
200.00	529832.94	2649.12
200.10	530886.31	2653.07
200.20	531941.62	2657.01
200.30	532998.75	2660.96
200.40	534057.62	2664.92
200.50	535118.50	2668.88
200.60	536181.19	2672.85
200.70	537245.69	2676.82
200.80	538312.12	2680.80
200.90	539380.50	2684.78
201.00	540450.62	2688.77
201.10	541522.69	2692.76
201.20	542596.69	2696.76
201.30	543672.56	2700.77
201.40	544750.31	2704.78
201.50	545829.88	2708.79
201.60	546911.50	2712.81
201.70	547994.88	2716.84
201.80	549080.19	2720.87
201.90	550167.50	2724.91
202.00	551256.75	2728.95
202.10	552347.69	2733.00
202.20	553440.69	2737.05
202.30	554535.62	2741.11
202.40	555632.50	2745.18
202.50	556731.25	2749.25
202.60	557832.00	2753.32
202.70	558934.62	2757.40
202.80	560039.19	2761.49
202.90	561145.62	2765.58
203.00	562254.12	2769.68
203.10	563364.56	2773.78
203.20	564476.94	2777.89
203.30	565591.19	2782.01
203.40	566707.50	2786.13
203.50	567825.75	2790.25
203.60	568945.88	2794.39
203.70	570068.06	2798.52
203.80	571192.19	2802.67
203.90	572318.31	2806.81
204.00	573446.44	2810.97
204.10	574576.44	2815.13
204.20	575708.50	2819.29
204.30	576842.50	2823.46
204.40	577978.50	2827.64
204.50	579116.50	2831.82
204.60	580256.56	2836.01
204.70	581398.56	2840.20
204.80	582542.56	2844.40
204.90	583688.62	2848.61
205.00	584836.62	2852.82
205.10	585986.69	2857.03
205.20	587138.69	2861.25
205.30	588292.81	2865.48
205.40	589448.88	2869.71
205.50	590607.00	2873.95
205.60	591767.31	2878.20
205.70	592929.44	2882.45
205.80	594093.62	2886.71
205.90	595259.88	2890.97
206.00	596428.19	2895.24
206.10	597598.56	2899.51
206.20	598771.06	2903.79
206.30	599945.44	2908.07
206.40	601122.00	2912.36
206.50	602300.62	2916.66
206.60	603481.19	2920.96
206.70	604664.00	2925.27
206.80	605848.81	2929.59
206.90	607035.62	2933.91
207.00	608224.50	2938.23
207.10	609415.62	2942.57
207.20	610608.69	2946.90
207.30	611803.88	2951.25
207.40	613001.12	2955.60
207.50	614200.56	2959.95
207.60	615402.06	2964.31
207.70	616605.62	2968.68
207.80	617811.44	2973.06
207.90	619019.19	2977.44
208.00	620229.06	2981.82
208.10	621441.06	2986.21
208.20	622655.31	2990.61
208.30	623871.56	2995.01
208.40	625089.94	2999.42
208.50	626310.50	3003.84
208.60	627533.19	3008.26
208.70	628758.00	3012.69
208.80	629984.94	3017.12
208.90	631214.12	3021.56
209.00	632445.38	3026.00
209.10	633678.69	3030.45
209.20	634914.19	3034.91
209.30	636152.00	3039.37
209.40	637391.88	3043.84
209.50	638633.94	3048.32
209.60	639878.19	3052.80
209.70	641124.62	3057.29
209.80	642373.12	3061.78
209.90	643623.88	3066.28
210.00	644876.94	3070.79
210.10	646132.06	3075.30
210.20	647389.31	3079.82
210.30	648648.75	3084.34
210.40	649910.62	3088.88
210.50	651174.50	3093.41
210.60	652440.62	3097.95
210.70	653709.06	3102.50
210.80	654979.62	3107.06
210.90	656252.31	3111.62
211.00	657527.25	3116.19
211.10	658804.62	3120.76
211.20	660084.00	3125.34
211.30	661365.69	3129.93
211.40	662649.62	3134.52
211.50	663935.88	3139.12
211.60	665224.25	3143.73
211.70	666514.88	3148.34
211.80	667807.94	3152.96
211.90	669103.06	3157.58
212.00	670400.50	3162.21
212.10	671700.12	3166.85
212.20	673002.25	3171.49
212.30	674306.44	3176.14
212.40	675612.88	3180.80
212.50	676921.69	3185.46
212.60	678232.88	3190.13
212.70	679546.19	3194.80
212.80	680861.81	3199.48
212.90	682179.81	3204.17
213.00	683500.06	3208.86
213.10	684822.62	3213.56
213.20	686147.44	3218.27
213.30	687474.69	3222.98
213.40	688804.19	3227.70
213.50	690135.94	3232.43
213.60	691470.00	3237.16
213.70	692806.56	3241.90
213.80	694145.31	3246.65
213.90	695486.38	3251.40
214.00	696829.94	3256.16
214.10	698175.75	3260.92
214.20	699523.88	3265.69
214.30	700874.31	3270.47
214.40	702227.19	3275.25
214.50	703582.38	3280.04
214.60	704939.88	3284.84
214.70	706299.81	3289.65
214.80	707662.25	3294.46
214.90	709026.88	3299.27
215.00	710393.88	3304.10
215.10	711763.38	3308.93
215.20	713135.19	3313.76
215.30	714509.31	3318.61
215.40	715885.94	3323.46
215.50	717265.00	3328.31
215.60	718646.38	3333.18
215.70	720030.12	3338.05
215.80	721416.44	3342.92
215.90	722805.06	3347.81
216.00	724196.12	3352.70
216.10	725589.56	3357.59
216.20	726985.50	3362.50
216.30	728383.81	3367.41
216.40	729784.56	3372.32
216.50	731187.69	3377.25
216.60	732593.38	3382.18
216.70	734001.50	3387.12
216.80	735412.00	3392.06
216.90	736825.06	3397.01
217.00	738240.50	3401.97
217.10	739658.44	3406.93
217.20	741078.75	3411.90
217.30	742501.69	3416.88
217.40	743927.06	3421.86
217.50	745354.81	3426.85
217.60	746785.06	3431.85
217.70	748217.94	3436.86
217.80	749653.25	3441.87
217.90	751091.00	3446.89
218.00	752531.38	3451.91
218.10	753974.06	3456.95
218.20	755419.38	3461.98
218.30	756867.19	3467.03
218.40	758317.56	3472.08
218.50	759770.38	3477.14
218.60	761225.69	3482.21
218.70	762683.50	3487.28
218.80	764144.06	3492.37
218.90	765607.06	3497.45
219.00	767072.44	3502.55
219.10	768540.75	3507.65
219.20	770011.25	3512.76
219.30	771484.50	3517.87
219.40	772960.19	3523.00
219.50	774438.56	3528.13
219.60	775919.44	3533.26
219.70	777402.81	3538.41
219.80	778888.88	3543.56
219.90	780377.50	3548.72
220.00	781868.62	3553.88
220.10	783362.44	3559.05
220.20	784859.00	3564.23
220.30	786357.94	3569.42
220.40	787859.56	3574.61
220.50	789363.69	3579.81
220.60	790870.56	3585.02
220.70	792379.94	3590.23
220.80	793891.94	3595.46
220.90	795406.81	3600.69
221.00	796924.06	3605.92
221.10	798444.00	3611.16
221.20	799966.62	3616.42
221.30	801491.94	3621.67
221.40	803019.81	3626.94
221.50	804550.38	3632.21
221.60	806083.56	3637.49
221.70	807619.50	3642.78
221.80	809158.00	3648.07
221.90	810699.06	3653.37
222.00	812243.25	3658.68
222.10	813789.69	3664.00
222.20	815338.81	3669.32
222.30	816890.75	3674.65
222.40	818445.50	3679.99
222.50	820002.81	3685.33
222.60	821562.81	3690.69
222.70	823125.62	3696.05
222.80	824691.12	3701.41
222.90	826259.31	3706.79
223.00	827830.19	3712.17
223.10	829403.94	3717.56
223.20	830980.25	3722.96
223.30	832559.25	3728.36
223.40	834141.19	3733.77
223.50	835725.81	3739.19
223.60	837313.19	3744.62
223.70	838903.19	3750.05
223.80	840496.00	3755.49
223.90	842091.69	3760.94
224.00	843690.12	3766.40
224.10	845291.31	3771.86
224.20	846895.38	3777.33
224.30	848502.06	3782.81
224.40	850111.56	3788.30
224.50	851723.88	3793.79
224.60	853339.00	3799.30
224.70	854956.88	3804.81
224.80	856577.56	3810.32
224.90	858201.12	3815.85
225.00	859827.56	3821.38
225.10	861456.69	3826.92
225.20	863088.75	3832.47
225.30	864723.56	3838.02
225.40	866361.31	3843.58
225.50	868001.75	3849.15
225.60	869645.00	3854.73
225.70	871291.44	3860.32
225.80	872940.44	3865.91
225.90	874592.31	3871.51
226.00	876247.19	3877.12
226.10	877904.88	3882.74
226.20	879565.44	3888.36
226.30	881228.81	3893.99
226.40	882895.12	3899.63
226.50	884564.38	3905.28
226.60	886236.44	3910.94
226.70	887911.38	3916.60
226.80	889589.44	3922.27
226.90	891270.19	3927.95
227.00	892953.88	3933.64
227.10	894640.75	3939.33
227.20	896330.31	3945.03
227.30	898022.75	3950.74
227.40	899718.12	3956.46
227.50	901416.69	3962.19
227.60	903117.94	3967.92
227.70	904822.12	3973.66
227.80	906529.31	3979.41
227.90	908239.69	3985.17
228.00	909952.94	3990.94
228.10	911668.94	3996.71
228.20	913388.12	4002.49
228.30	915110.25	4008.28
228.40	916835.31	4014.08
228.50	918563.38	4019.89
228.60	920294.56	4025.70
228.70	922028.56	4031.52
228.80	923765.62	4037.35
228.90	925505.69	4043.19
229.00	927249.00	4049.04
229.10	928995.12	4054.89
229.20	930744.31	4060.75
229.30	932496.62	4066.62
229.40	934251.75	4072.50
229.50	936010.00	4078.39
229.60	937771.25	4084.28
229.70	939535.75	4090.19
229.80	941303.31	4096.10
229.90	943073.75	4102.02
230.00	944847.31	4107.95
230.10	946624.12	4113.88
230.20	948403.75	4119.83
230.30	950186.56	4125.78
230.40	951972.50	4131.74
230.50	953761.50	4137.71
230.60	955553.62	4143.68
230.70	957348.88	4149.67
230.80	959147.38	4155.66
230.90	960948.69	4161.66
231.00	962753.19	4167.67
231.10	964561.00	4173.69
231.20	966371.81	4179.72
231.30	968185.94	4185.76
231.40	970002.88	4191.80
231.50	971823.31	4197.85
231.60	973646.81	4203.91
231.70	975473.25	4209.98
231.80	977303.00	4216.06
231.90	979136.00	4222.14
232.00	980972.25	4228.24
232.10	982811.50	4234.34
232.20	984654.19	4240.45
232.30	986499.75	4246.57
232.40	988348.62	4252.70
232.50	990200.75	4258.84
232.60	992056.19	4264.98
232.71	993914.62	4271.14
232.81	995776.50	4277.30
232.91	997641.25	4283.47
233.01	999509.62	4289.65
233.11	1001381.19	4295.84
233.21	1003255.81	4302.03
233.31	1005133.94	4308.24
233.41	1007015.00	4314.45
233.51	1008899.38	4320.67
233.61	1010787.19	4326.91
233.71	1012678.25	4333.15
233.81	1014572.56	4339.40
233.91	1016470.12	4345.65
234.01	1018370.94	4351.92
234.11	1020275.25	4358.19
234.21	1022182.62	4364.48
234.31	1024093.38	4370.77
234.41	1026007.75	4377.07
234.51	1027925.12	4383.38
234.61	1029845.81	4389.70
234.71	1031769.69	4396.03
234.81	1033697.25	4402.36
234.91	1035628.06	4408.71
235.01	1037562.19	4415.06
235.11	1039499.50	4421.42
235.21	1041440.44	4427.80
235.31	1043384.69	4434.18
235.41	1045332.19	4440.57
235.51	1047283.12	4446.96
235.61	1049237.50	4453.37
235.71	1051195.25	4459.79
235.81	1053156.25	4466.21
235.91	1055120.88	4472.65
236.01	1057088.75	4479.09
236.11	1059060.12	4485.54
236.21	1061034.75	4492.00
236.31	1063013.12	4498.48
236.41	1064994.62	4504.95
236.51	1066979.75	4511.44
236.61	1068968.38	4517.94
236.71	1070960.12	4524.45
236.81	1072955.75	4530.96
236.91	1074954.50	4537.49
237.01	1076957.00	4544.02
237.11	1078962.75	4550.56
237.21	1080971.88	4557.12
237.31	1082984.88	4563.68
237.41	1085001.12	4570.25
237.51	1087020.88	4576.83
237.61	1089044.00	4583.42
237.71	1091071.12	4590.02
237.81	1093101.38	4596.62
237.91	1095135.12	4603.24
238.01	1097172.38	4609.86
238.11	1099213.38	4616.50
238.21	1101257.88	4623.15
238.31	1103305.75	4629.80
238.41	1105357.50	4636.46
238.51	1107412.62	4643.14
238.61	1109471.12	4649.82
238.71	1111533.25	4656.51
238.81	1113599.25	4663.21
238.91	1115668.62	4669.92
239.01	1117741.50	4676.64
239.11	1119818.12	4683.37
239.21	1121898.50	4690.11
239.31	1123982.38	4696.85
239.41	1126069.88	4703.61
239.51	1128161.00	4710.38
239.61	1130255.75	4717.15
239.71	1132353.88	4723.94
239.81	1134455.88	4730.73
239.91	1136561.62	4737.54
240.01	1138670.88	4744.35
240.11	1140783.75	4751.18
240.21	1142900.38	4758.01
240.31	1145020.75	4764.86
240.41	1147144.88	4771.71
240.51	1149272.50	4778.57
240.61	1151404.00	4785.44
240.71	1153539.00	4792.33
240.81	1155677.62	4799.22
240.91	1157820.25	4806.12
241.01	1159966.62	4813.03
241.11	1162116.50	4819.95
241.21	1164270.12	4826.88
241.31	1166427.50	4833.82
241.41	1168588.75	4840.77
241.51	1170753.50	4847.73
241.61	1172922.38	4854.70
241.71	1175095.00	4861.68
241.81	1177271.25	4868.67
241.91	1179451.12	4875.67
242.01	1181634.88	4882.68
242.11	1183822.75	4889.70
242.21	1186014.12	4896.73
242.31	1188209.38	4903.76
242.41	1190408.50	4910.81
242.51	1192611.12	4917.87
242.61	1194817.88	4924.94
242.71	1197028.50	4932.02
242.81	1199242.88	4939.11
242.91	1201461.12	4946.21
243.01	1203683.25	4953.31
243.11	1205909.12	4960.43
243.21	1208139.12	4967.56
243.31	1210372.75	4974.70
243.41	1212610.25	4981.85
243.51	1214851.88	4989.01
243.61	1217097.38	4996.18
243.71	1219346.62	5003.36
243.81	1221599.75	5010.55
243.91	1223856.88	5017.75
244.01	1226118.00	5024.96
244.11	1228382.88	5032.18
244.21	1230651.75	5039.41
244.31	1232924.62	5046.65
244.41	1235201.50	5053.90
244.51	1237482.50	5061.16
244.61	1239767.25	5068.43
244.71	1242055.88	5075.71
244.81	1244348.62	5083.00
244.91	1246645.38	5090.31
245.01	1248946.38	5097.62
245.11	1251251.00	5104.94
245.21	1253559.62	5112.28
245.31	1255872.38	5119.62
245.41	1258189.38	5126.98
245.51	1260510.12	5134.34
245.61	1262834.88	5141.71
245.71	1265164.00	5149.10
245.81	1267496.88	5156.50
245.91	1269833.88	5163.90
246.01	1272175.00	5171.32
246.11	1274520.25	5178.75
246.21	1276869.62	5186.19
246.31	1279222.88	5193.64
246.41	1281580.25	5201.10
246.51	1283942.00	5208.57
246.61	1286307.75	5216.05
246.71	1288677.50	5223.54
246.81	1291051.62	5231.04
246.91	1293429.75	5238.55
247.01	1295812.00	5246.08
247.11	1298198.25	5253.61
247.21	1300589.00	5261.16
247.31	1302983.75	5268.71
247.41	1305382.62	5276.28
247.51	1307785.50	5283.86
247.61	1310193.00	5291.44
247.71	1312604.50	5299.04
247.81	1315020.12	5306.65
247.91	1317440.25	5314.27
248.01	1319864.25	5321.91
248.11	1322292.50	5329.55
248.21	1324725.12	5337.20
248.31	1327162.25	5344.87
248.41	1329603.25	5352.54
248.51	1332048.50	5360.23
248.61	1334498.25	5367.93
248.71	1336952.12	5375.63
248.81	1339410.25	5383.35
248.91	1341872.75	5391.08
249.01	1344339.62	5398.82
249.11	1346810.75	5406.58
249.21	1349286.00	5414.34
249.31	1351765.75	5422.11
249.41	1354250.12	5429.90
249.51	1356738.38	5437.70
249.61	1359231.12	5445.51
249.71	1361728.25	5453.33
249.81	1364229.88	5461.16
249.91	1366735.62	5469.00
250.01	1369245.75	5476.85
250.11	1371760.50	5484.71
250.21	1374279.50	5492.59
250.31	1376802.75	5500.48
250.41	1379330.50	5508.37
250.51	1381863.00	5516.29
250.61	1384399.75	5524.21
250.71	1386940.62	5532.14
250.81	1389486.38	5540.08
250.91	1392036.25	5548.04
251.01	1394590.88	5556.00
251.11	1397149.62	5563.98
251.21	1399713.38	5571.97
251.31	1402281.12	5579.97
251.41	1404853.50	5587.98
251.51	1407430.25	5596.01
251.61	1410012.00	5604.04
251.71	1412597.75	5612.09
251.81	1415188.12	5620.15
251.91	1417783.38	5628.22
252.01	1420382.88	5636.30
252.11	1422987.00	5644.40
252.21	1425595.50	5652.50
252.31	1428208.88	5660.62
252.41	1430826.75	5668.75
252.51	1433449.00	5676.89
252.61	1436076.00	5685.04
252.71	1438708.00	5693.20
252.81	1441344.12	5701.38
252.91	1443984.88	5709.57
253.01	1446630.50	5717.77
253.11	1449280.50	5725.98
253.21	1451935.25	5734.20
253.31	1454594.50	5742.43
253.41	1457258.88	5750.68
253.51	1459927.50	5758.94
253.61	1462600.88	5767.21
253.71	1465279.25	5775.49
253.81	1467961.88	5783.79
253.91	1470649.50	5792.10
254.01	1473341.75	5800.41
254.11	1476038.75	5808.75
254.21	1478740.50	5817.09
254.31	1481446.88	5825.44
254.41	1484157.88	5833.81
254.51	1486874.25	5842.19
254.61	1489594.88	5850.58
254.71	1492320.25	5858.98
254.81	1495050.88	5867.40
254.91	1497785.88	5875.83
255.01	1500525.62	5884.27
255.11	1503270.38	5892.72
255.21	1506020.00	5901.19
255.31	1508774.38	5909.66
255.41	1511533.62	5918.15
255.51	1514297.62	5926.65
255.61	1517066.75	5935.17
255.71	1519840.75	5943.69
255.81	1522619.25	5952.23
255.91	1525403.00	5960.78
256.01	1528190.88	5969.35
256.11	1530984.25	5977.92
256.21	1533782.75	5986.51
256.31	1536586.00	5995.11
256.41	1539394.00	6003.73
256.51	1542207.38	6012.35
256.61	1545025.25	6020.99
256.71	1547848.25	6029.64
256.81	1550676.25	6038.31
256.91	1553509.38	6046.98
257.01	1556347.38	6055.67
257.11	1559190.38	6064.38
257.21	1562038.25	6073.09
257.31	1564891.50	6081.82
257.41	1567749.38	6090.56
257.51	1570612.50	6099.31
257.61	1573480.75	6108.08
257.71	1576354.00	6116.86
257.81	1579232.00	6125.65
257.91	1582115.38	6134.45
258.01	1585004.00	6143.27
258.11	1587897.50	6152.10
258.21	1590796.12	6160.94
258.31	1593699.75	6169.80
258.41	1596608.88	6178.67
258.51	1599522.88	6187.55
258.61	1602442.00	6196.45
258.71	1605366.38	6205.36
258.81	1608295.88	6214.28
258.91	1611230.50	6223.21
259.01	1614170.12	6232.16
259.11	1617115.50	6241.12
259.21	1620065.88	6250.09
259.31	1623021.12	6259.08
259.41	1625981.88	6268.08
259.51	1628948.00	6277.10
259.61	1631919.12	6286.12
259.71	1634895.50	6295.16
259.81	1637877.38	6304.22
259.91	1640864.12	6313.28
260.01	1643856.38	6322.36
260.11	1646854.00	6331.46
260.21	1649857.00	6340.56
260.31	1652865.25	6349.68
260.41	1655878.62	6358.82
260.51	1658897.38	6367.96
260.61	1661921.88	6377.13
260.71	1664951.38	6386.30
260.81	1667986.25	6395.49
260.91	1671027.00	6404.69
261.01	1674072.62	6413.91
261.11	1677123.62	6423.13
261.21	1680179.88	6432.38
261.31	1683242.00	6441.63
261.41	1686309.62	6450.90
261.51	1689382.38	6460.19
261.61	1692460.75	6469.48
261.71	1695544.38	6478.79
261.81	1698633.62	6488.12
261.91	1701728.12	6497.46
262.01	1704828.62	6506.81
262.11	1707934.25	6516.18
262.21	1711045.38	6525.56
262.31	1714162.00	6534.95
262.41	1717284.62	6544.36
262.51	1720412.38	6553.78
262.61	1723545.62	6563.22
262.71	1726684.88	6572.67
262.81	1729829.38	6582.13
262.91	1732979.50	6591.61
263.01	1736135.38	6601.10
263.11	1739296.62	6610.61
263.21	1742463.62	6620.13
263.31	1745636.50	6629.67
263.41	1748814.50	6639.21
263.51	1751998.75	6648.78
263.61	1755188.25	6658.36
263.71	1758383.50	6667.95
263.81	1761584.88	6677.55
263.91	1764791.50	6687.17
264.01	1768003.75	6696.81
264.11	1771222.00	6706.46
264.21	1774446.12	6716.12
264.31	1777675.62	6725.80
264.41	1780910.88	6735.49
264.51	1784152.00	6745.20
264.61	1787399.12	6754.92
264.71	1790652.00	6764.66
264.81	1793910.62	6774.41
264.91	1797175.25	6784.18
265.01	1800445.38	6793.96
265.11	1803721.25	6803.75
265.21	1807003.25	6813.56
265.31	1810291.00	6823.38
265.41	1813584.75	6833.22
265.51	1816884.12	6843.07
265.61	1820189.75	6852.94
265.71	1823501.25	6862.83
265.81	1826818.62	6872.73
265.91	1830141.50	6882.64
266.01	1833471.00	6892.57
266.11	1836806.25	6902.51
266.21	1840147.12	6912.47
266.31	1843494.38	6922.44
266.41	1846847.75	6932.43
266.51	1850206.75	6942.43
266.61	1853571.62	6952.45
266.71	1856942.88	6962.48
266.81	1860320.12	6972.53
266.91	1863703.38	6982.59
267.01	1867092.75	6992.67
267.11	1870488.50	7002.77
267.21	1873889.88	7012.88
267.31	1877297.50	7023.00
267.41	1880711.12	7033.14
267.51	1884131.25	7043.29
267.61	1887557.12	7053.46
267.71	1890989.12	7063.65
267.81	1894427.88	7073.85
267.91	1897872.50	7084.07
268.01	1901323.00	7094.30
268.11	1904779.75	7104.55
268.21	1908243.25	7114.81
268.31	1911712.62	7125.09
268.41	1915188.12	7135.38
268.51	1918669.75	7145.69
268.61	1922158.25	7156.02
268.71	1925652.62	7166.36
268.81	1929153.12	7176.72
268.91	1932660.62	7187.09
269.01	1936173.88	7197.48
269.11	1939693.50	7207.88
269.21	1943219.25	7218.30
269.31	1946752.12	7228.74
269.41	1950290.75	7239.19
269.51	1953835.88	7249.66
269.61	1957387.25	7260.14
269.71	1960945.38	7270.64
269.81	1964509.62	7281.16
269.91	1968080.38	7291.69
270.01	1971657.88	7302.24
270.11	1975241.75	7312.80
270.21	1978832.00	7323.39
270.31	1982428.50	7333.98
270.41	1986032.00	7344.59
270.51	1989641.50	7355.22
270.61	1993257.88	7365.87
270.71	1996880.38	7376.53
270.81	2000510.25	7387.21
270.91	2004145.88	7397.90
271.01	2007788.38	7408.61
271.11	2011438.00	7419.34
271.21	2015093.38	7430.08
271.31	2018755.62	7440.84
271.41	2022424.62	7451.62
271.51	2026100.62	7462.42
271.61	2029783.12	7473.23
271.71	2033471.88	7484.05
271.81	2037167.50	7494.89
271.91	2040870.25	7505.76
272.01	2044579.25	7516.63
272.11	2048295.12	7527.52
272.21	2052018.00	7538.44
272.31	2055747.25	7549.36
272.41	2059483.38	7560.31
272.51	2063226.25	7571.27
272.61	2066976.38	7582.25
272.71	2070732.88	7593.24
272.81	2074496.25	7604.25
272.91	2078266.88	7615.28
273.01	2082044.00	7626.33
273.11	2085827.88	7637.39
273.21	2089618.88	7648.47
273.31	2093417.00	7659.57
273.41	2097221.50	7670.68
273.51	2101033.25	7681.81
273.61	2104851.75	7692.96
273.71	2108677.75	7704.13
273.81	2112510.25	7715.31
273.91	2116349.75	7726.51
274.01	2120196.75	7737.73
274.11	2124050.50	7748.97
274.21	2127911.25	7760.22
274.31	2131778.75	7771.49
274.41	2135653.75	7782.78
274.51	2139535.50	7794.09
274.61	2143424.50	7805.41
274.71	2147320.75	7816.75
274.81	2151224.25	7828.11
274.91	2155134.75	7839.49
275.01	2159052.00	7850.88
275.11	2162977.25	7862.30
275.21	2166909.00	7873.73
275.31	2170848.00	7885.17
275.41	2174794.25	7896.64
275.51	2178748.25	7908.12
275.61	2182709.00	7919.63
275.71	2186677.25	7931.15
275.81	2190652.25	7942.68
275.91	2194635.50	7954.24
276.01	2198625.50	7965.81
276.11	2202622.75	7977.41
276.21	2206627.75	7989.02
276.31	2210640.00	8000.65
276.41	2214659.50	8012.29
276.51	2218686.00	8023.96
276.61	2222720.75	8035.64
276.71	2226762.50	8047.35
276.81	2230811.50	8059.07
276.91	2234868.00	8070.81
277.01	2238932.50	8082.56
277.11	2243004.00	8094.34
277.21	2247083.25	8106.14
277.31	2251170.00	8117.95
277.41	2255264.25	8129.78
277.51	2259365.75	8141.63
277.61	2263474.75	8153.50
277.71	2267592.25	8165.39
277.81	2271717.00	8177.30
277.91	2275849.00	8189.22
278.01	2279989.00	8201.17
278.11	2284136.50	8213.13
278.21	2288291.50	8225.12
278.31	2292454.00	8237.12
278.41	2296625.25	8249.14
278.51	2300803.50	8261.18
278.61	2304989.25	8273.24
278.71	2309182.50	8285.32
278.81	2313384.50	8297.42
278.91	2317593.75	8309.53
279.01	2321811.00	8321.67
279.11	2326036.25	8333.83
279.21	2330269.00	8346.00
279.31	2334509.50	8358.20
279.41	2338758.00	8370.41
279.51	2343015.00	8382.64
279.61	2347279.25	8394.90
279.71	2351551.25	8407.17
279.81	2355831.25	8419.46
279.91	2360120.00	8431.77
280.01	2364416.25	8444.11
280.11	2368720.25	8456.46
280.21	2373033.00	8468.83
280.31	2377353.00	8481.22
280.41	2381681.50	8493.63
280.51	2386017.75	8506.06
280.61	2390362.25	8518.51
280.71	2394714.75	8530.98
280.81	2399075.75	8543.48
280.91	2403444.50	8555.99
281.01	2407822.00	8568.52
281.11	2412207.00	8581.07
281.21	2416600.25	8593.64
281.31	2421002.25	8606.23
281.41	2425412.00	8618.85
281.51	2429830.25	8631.48
281.61	2434256.50	8644.13
281.71	2438691.75	8656.81
281.81	2443134.50	8669.50
281.91	2447585.75	8682.21
282.01	2452045.50	8694.95
282.11	2456514.00	8707.71
282.21	2460990.25	8720.48
282.31	2465475.00	8733.28
282.41	2469969.00	8746.10
282.51	2474470.75	8758.94
282.61	2478980.75	8771.80
282.71	2483499.25	8784.68
282.81	2488026.75	8797.58
282.91	2492562.50	8810.50
283.01	2497106.75	8823.45
283.11	2501659.50	8836.41
283.21	2506221.00	8849.40
283.31	2510791.25	8862.41
283.41	2515369.50	8875.43
283.51	2519957.25	8888.48
283.61	2524553.25	8901.56
283.71	2529157.50	8914.65
283.81	2533770.75	8927.76
283.91	2538393.25	8940.90
284.01	2543024.00	8954.05
284.11	2547663.50	8967.23
284.21	2552312.25	8980.43
284.31	2556969.00	8993.65
284.41	2561635.00	9006.90
284.51	2566309.50	9020.16
284.61	2570993.50	9033.45
284.71	2575686.25	9046.76
284.81	2580387.25	9060.09
284.91	2585097.50	9073.44
285.01	2589817.50	9086.82
285.11	2594545.75	9100.21
285.21	2599282.75	9113.63
285.31	2604029.25	9127.08
285.41	2608784.50	9140.54
285.51	2613548.75	9154.02
285.61	2618321.75	9167.53
285.71	2623105.00	9181.06
285.81	2627896.00	9194.61
285.91	2632697.00	9208.19
286.01	2637506.50	9221.79
286.11	2642326.25	9235.41
286.21	2647154.50	9249.05
286.31	2651991.75	9262.71
286.41	2656839.25	9276.41
286.51	2661694.50	9290.11
286.61	2666560.00	9303.85
286.71	2671434.50	9317.60
286.81	2676319.00	9331.39
286.91	2681211.75	9345.19
287.01	2686114.25	9359.01
287.11	2691026.00	9372.86
287.21	2695948.25	9386.73
287.31	2700879.00	9400.63
287.41	2705819.25	9414.55
287.51	2710769.25	9428.49
287.61	2715728.50	9442.45
287.71	2720697.00	9456.44
287.81	2725675.50	9470.45
287.91	2730663.75	9484.49
288.01	2735661.50	9498.55
288.11	2740668.50	9512.63
288.21	2745685.00	9526.74
288.31	2750712.00	9540.87
288.41	2755748.00	9555.02
288.51	2760793.50	9569.20
288.61	2765849.50	9583.40
288.71	2770915.00	9597.62
288.81	2775990.00	9611.87
288.91	2781075.00	9626.15
289.01	2786170.00	9640.45
289.11	2791274.75	9654.77
289.21	2796389.00	9669.11
289.31	2801514.00	9683.49
289.41	2806648.25	9697.88
289.51	2811792.00	9712.30
289.61	2816946.25	9726.74
289.71	2822111.25	9741.21
289.81	2827285.50	9755.70
289.91	2832469.25	9770.22
290.01	2837663.75	9784.76
290.11	2842868.75	9799.33
290.21	2848083.00	9813.92
290.31	2853307.50	9828.54
290.41	2858543.25	9843.18
290.51	2863788.00	9857.85
290.61	2869043.00	9872.54
290.71	2874308.75	9887.25
290.81	2879585.00	9902.00
290.91	2884871.00	9916.76
291.01	2890167.00	9931.55
291.11	2895473.75	9946.37
291.21	2900791.25	9961.22
291.31	2906119.00	9976.08
291.41	2911456.75	9990.98
291.51	2916805.50	10005.90
291.61	2922164.00	10020.84
291.71	2927533.25	10035.81
291.81	2932913.25	10050.81
291.91	2938304.00	10065.84
292.01	2943705.00	10080.88
292.11	2949116.25	10095.96
292.21	2954538.25	10111.06
292.31	2959972.00	10126.19
292.41	2965415.00	10141.34
292.51	2970869.50	10156.52
292.61	2976334.75	10171.73
292.71	2981810.25	10186.96
292.81	2987296.50	10202.21
292.91	2992793.75	10217.50
293.01	2998302.75	10232.81
293.11	3003821.50	10248.15
293.21	3009351.25	10263.51
293.31	3014892.00	10278.90
293.41	3020444.25	10294.32
293.51	3026006.75	10309.77
293.61	3031580.75	10325.24
293.71	3037165.75	10340.74
293.81	3042761.50	10356.27
293.91	3048368.25	10371.82
294.01	3053986.00	10387.40
294.11	3059616.00	10403.01
294.21	3065256.50	10418.65
294.31	3070907.75	10434.31
294.41	3076571.00	10450.00
294.51	3082244.75	10465.71
294.61	3087930.00	10481.46
294.71	3093626.50	10497.23
294.81	3099335.00	10513.04
294.91	3105054.25	10528.86
295.01	3110785.00	10544.72
295.11	3116527.00	10560.60
295.21	3122281.00	10576.52
295.31	3128046.25	10592.46
295.41	3133822.50	10608.43
295.51	3139611.25	10624.42
295.61	3145411.00	10640.45
295.71	3151222.00	10656.50
295.81	3157045.25	10672.59
295.91	3162880.25	10688.70
296.01	3168726.50	10704.84
296.11	3174584.50	10721.00
296.21	3180454.50	10737.20
296.31	3186336.25	10753.43
296.41	3192229.50	10769.68
296.51	3198135.00	10785.97
296.61	3204052.25	10802.28
296.71	3209981.75	10818.62
296.81	3215922.50	10834.99
296.91	3221875.00	10851.39
297.01	3227840.75	10867.82
297.11	3233818.00	10884.28
297.21	3239806.50	10900.77
297.31	3245807.50	10917.29
297.41	3251821.50	10933.84
297.51	3257846.75	10950.42
297.61	3263884.25	10967.02
297.71	3269934.75	10983.66
297.81	3275996.75	11000.33
297.91	3282070.75	11017.03
298.01	3288157.75	11033.75
298.11	3294257.00	11050.51
298.21	3300368.50	11067.30
298.31	3306492.00	11084.12
298.41	3312628.75	11100.97
298.51	3318778.00	11117.85
298.61	3324939.00	11134.76
298.71	3331112.75	11151.70
298.81	3337299.50	11168.67
298.91	3343499.00	11185.67
299.01	3349710.25	11202.71
299.11	3355934.75	11219.77
299.21	3362172.50	11236.87
299.31	3368422.00	11253.99
299.41	3374684.75	11271.15
299.51	3380960.75	11288.34
299.61	3387248.50	11305.56
299.71	3393550.00	11322.81
299.81	3399863.75	11340.10
299.91	3406191.75	11357.41
300.01	3412531.75	11374.76
300.11	3418884.50	11392.14
300.21	3425250.25	11409.55
300.31	3431630.25	11426.99
300.41	3438022.50	11444.47
300.51	3444427.75	11461.97
300.61	3450847.25	11479.52
300.71	3457278.75	11497.09
300.81	3463724.25	11514.69
300.91	3470182.50	11532.33
301.01	3476655.25	11550.00
301.11	3483140.25	11567.70
301.21	3489638.75	11585.43
301.31	3496150.25	11603.20
301.41	3502677.25	11621.00
301.51	3509216.00	11638.84
301.61	3515768.50	11656.70
301.71	3522335.75	11674.61
301.81	3528915.50	11692.54
301.91	3535509.00	11710.50
302.01	3542116.25	11728.50
302.11	3548737.75	11746.54
302.21	3555372.75	11764.61
302.31	3562021.25	11782.71
302.41	3568683.50	11800.84
302.51	3575360.75	11819.01
302.61	3582051.00	11837.22
302.71	3588755.25	11855.45
302.81	3595474.50	11873.73
302.91	3602206.75	11892.03
303.01	3608953.00	11910.37
303.11	3615714.00	11928.75
303.21	3622489.25	11947.16
303.31	3629278.25	11965.60
303.41	3636081.75	11984.08
303.51	3642899.00	12002.59
303.61	3649731.50	12021.14
303.71	3656577.75	12039.73
303.81	3663438.25	12058.35
303.91	3670314.25	12077.00
304.01	3677203.75	12095.69
304.11	3684108.00	12114.42
304.21	3691026.75	12133.18
304.31	3697960.75	12151.98
304.41	3704909.00	12170.81
304.51	3711871.75	12189.68
304.61	3718849.50	12208.58
304.71	3725842.00	12227.53
304.81	3732848.75	12246.50
304.91	3739870.25	12265.51
305.01	3746908.50	12284.57
305.11	3753960.00	12303.65
305.21	3761026.75	12322.77
305.31	3768108.50	12341.93
305.41	3775206.25	12361.13
305.51	3782318.00	12380.36
305.61	3789445.50	12399.63
305.71	3796588.50	12418.94
305.81	3803746.00	12438.29
305.91	3810918.50	12457.67
306.01	3818107.00	12477.09
306.11	3825311.50	12496.55
306.21	3832530.25	12516.04
306.31	3839764.50	12535.57
306.41	3847014.75	12555.14
306.51	3854281.50	12574.75
306.61	3861562.50	12594.40
306.71	3868859.50	12614.08
306.81	3876173.00	12633.81
306.91	3883501.25	12653.57
307.01	3890845.00	12673.37
307.11	3898205.00	12693.21
307.21	3905581.50	12713.09
307.31	3912973.25	12733.00
307.41	3920380.75	12752.96
307.51	3927804.50	12772.95
307.61	3935244.75	12792.99
307.71	3942700.75	12813.06
307.81	3950172.50	12833.17
307.91	3957662.00	12853.33
308.01	3965166.75	12873.52
308.11	3972687.50	12893.75
308.21	3980224.50	12914.02
308.31	3987778.75	12934.33
308.41	3995348.50	12954.68
308.51	4002934.75	12975.07
308.61	4010537.75	12995.50
308.71	4018158.50	13015.98
308.81	4025795.00	13036.49
308.91	4033447.50	13057.05
309.01	4041118.00	13077.64
309.11	4048804.50	13098.28
309.21	4056508.25	13118.96
309.31	4064228.00	13139.67
309.41	4071966.00	13160.44
309.51	4079719.75	13181.24
309.61	4087491.25	13202.08
309.71	4095279.75	13222.96
309.81	4103086.00	13243.89
309.91	4110908.25	13264.86
310.01	4118748.25	13285.87
310.11	4126606.25	13306.92
310.21	4134480.50	13328.02
310.31	4142372.75	13349.16
310.41	4150281.50	13370.33
310.51	4158209.50	13391.56
310.61	4166153.75	13412.82
310.71	4174115.75	13434.13
310.81	4182096.75	13455.49
310.91	4190093.75	13476.88
311.01	4198109.00	13498.32
311.11	4206142.00	13519.80
311.21	4214193.50	13541.33
311.31	4222262.50	13562.90
311.41	4230349.50	13584.51
311.51	4238454.00	13606.17
311.61	4246578.00	13627.87
311.71	4254719.50	13649.62
311.81	4262878.50	13671.41
311.91	4271056.50	13693.24
312.01	4279253.00	13715.12
312.11	4287467.00	13737.04
312.21	4295699.50	13759.01
312.31	4303951.50	13781.03
312.41	4312221.50	13803.09
312.51	4320510.00	13825.20
312.61	4328817.00	13847.35
312.71	4337144.00	13869.55
312.81	4345488.00	13891.79
312.91	4353851.50	13914.08
313.01	4362235.00	13936.41
313.11	4370636.00	13958.79
313.21	4379056.00	13981.22
313.31	4387495.50	14003.69
313.41	4395955.00	14026.22
313.51	4404433.00	14048.78
313.61	4412930.00	14071.40
313.71	4421446.00	14094.06
313.81	4429982.00	14116.77
313.91	4438537.50	14139.52
314.01	4447111.50	14162.33
314.11	4455707.00	14185.18
314.21	4464320.50	14208.08
314.31	4472954.50	14231.03
314.41	4481607.00	14254.02
314.51	4490281.50	14277.07
314.61	4498974.00	14300.16
314.71	4507687.00	14323.30
314.81	4516419.50	14346.49
314.91	4525173.50	14369.74
315.01	4533946.50	14393.02
315.11	4542739.50	14416.36
315.21	4551554.00	14439.75
315.31	4560387.50	14463.19
315.41	4569241.50	14486.67
315.51	4578116.50	14510.21
315.61	4587012.50	14533.80
315.71	4595928.00	14557.43
315.81	4604864.50	14581.12
315.91	4613822.50	14604.86
316.01	4622800.00	14628.65
316.11	4631798.50	14652.49
316.21	4640818.00	14676.38
316.31	4649860.00	14700.32
316.41	4658921.00	14724.31
316.51	4668004.00	14748.36
316.61	4677108.00	14772.45
316.71	4686234.00	14796.60
316.81	4695381.00	14820.80
316.91	4704548.50	14845.06
317.01	4713739.00	14869.36
317.11	4722949.50	14893.72
317.21	4732182.00	14918.13
317.31	4741436.50	14942.59
317.41	4750713.50	14967.11
317.51	4760011.00	14991.68
317.61	4769330.50	15016.30
317.71	4778672.00	15040.98
317.81	4788037.00	15065.71
317.91	4797422.50	15090.50
318.01	4806830.50	15115.33
318.11	4816261.50	15140.23
318.21	4825714.50	15165.18
318.31	4835189.00	15190.18
318.41	4844686.50	15215.24
318.51	4854208.00	15240.35
318.61	4863750.00	15265.52
318.71	4873315.00	15290.74
318.81	4882903.50	15316.02
318.91	4892515.00	15341.35
319.01	4902149.50	15366.75
319.11	4911806.00	15392.19
319.21	4921487.00	15417.70
319.31	4931190.00	15443.26
319.41	4940916.00	15468.87
319.51	4950665.50	15494.54
319.61	4960440.00	15520.28
319.71	4970237.00	15546.06
319.81	4980056.50	15571.91
319.91	4989900.50	15597.81
320.01	4999769.50	15623.78
320.11	5009660.50	15649.79
320.21	5019575.00	15675.87
320.31	5029515.50	15702.01
320.41	5039479.00	15728.20
320.51	5049465.50	15754.45
320.61	5059477.00	15780.77
320.71	5069514.50	15807.14
320.81	5079574.50	15833.57
320.91	5089659.00	15860.06
321.01	5099769.50	15886.62
321.11	5109903.00	15913.23
321.21	5120061.00	15939.90
321.31	5130244.00	15966.63
321.41	5140453.50	15993.43
321.51	5150687.00	16020.28
321.61	5160945.00	16047.19
321.71	5171228.00	16074.17
321.81	5181537.50	16101.21
321.91	5191871.50	16128.31
322.01	5202230.50	16155.47
322.11	5212616.50	16182.70
322.21	5223027.00	16209.99
322.31	5233463.00	16237.33
322.41	5243924.50	16264.75
322.51	5254413.50	16292.23
322.61	5264926.50	16319.76
322.71	5275466.00	16347.37
322.81	5286031.50	16375.03
322.91	5296624.50	16402.76
323.01	5307243.00	16430.56
323.11	5317887.50	16458.42
323.21	5328560.00	16486.35
323.31	5339258.00	16514.33
323.41	5349982.00	16542.39
323.51	5360732.50	16570.50
323.61	5371512.50	16598.70
323.71	5382317.00	16626.94
323.81	5393149.50	16655.26
323.91	5404008.00	16683.64
324.01	5414896.00	16712.10
324.11	5425809.50	16740.61
324.21	5436751.00	16769.20
324.31	5447721.50	16797.85
324.41	5458717.50	16826.57
324.51	5469742.00	16855.36
324.61	5480794.00	16884.21
324.71	5491875.00	16913.14
324.81	5502983.00	16942.13
324.91	5514119.00	16971.19
325.01	5525283.50	17000.32
325.11	5536478.00	17029.52
325.21	5547699.00	17058.79
325.31	5558949.00	17088.12
325.41	5570229.00	17117.54
325.51	5581535.50	17147.01
325.61	5592872.00	17176.56
325.71	5604237.50	17206.18
325.81	5615633.00	17235.88
325.91	5627056.50	17265.64
326.01	5638509.00	17295.47
326.11	5649991.00	17325.38
326.21	5661504.50	17355.36
326.31	5673045.50	17385.41
326.41	5684616.50	17415.53
326.51	5696219.00	17445.73
326.61	5707849.50	17476.00
326.71	5719510.00	17506.34
326.81	5731202.00	17536.76
326.91	5742924.50	17567.26
327.01	5754676.50	17597.82
327.11	5766458.50	17628.46
327.21	5778273.00	17659.18
327.31	5790116.50	17689.97
327.41	5801991.00	17720.83
327.51	5813897.00	17751.77
327.61	5825834.50	17782.79
327.71	5837803.00	17813.89
327.81	5849801.50	17845.05
327.91	5861832.50	17876.30
328.01	5873896.50	17907.63
328.11	5885989.50	17939.03
328.21	5898115.00	17970.51
328.31	5910274.50	18002.07
328.41	5922464.00	18033.71
328.51	5934686.00	18065.42
328.61	5946939.50	18097.21
328.71	5959228.00	18129.09
328.81	5971547.50	18161.04
328.91	5983899.00	18193.07
329.01	5996283.50	18225.18
329.11	6008702.50	18257.38
329.21	6021152.50	18289.65
329.31	6033636.50	18322.01
329.41	6046155.50	18354.45
329.51	6058705.00	18386.96
329.61	6071289.00	18419.56
329.71	6083907.00	18452.25
329.81	6096560.00	18485.02
329.91	6109245.50	18517.86
330.01	6121964.50	18550.79
330.11	6134718.50	18583.81
330.21	6147508.00	18616.91
330.31	6160330.50	18650.10
330.41	6173187.00	18683.36
330.51	6186081.00	18716.72
330.61	6199007.00	18750.16
330.71	6211969.00	18783.68
330.81	6224965.50	18817.29
330.91	6237999.50	18850.99
331.01	6251067.50	18884.77
331.11	6264170.50	18918.64
331.21	6277309.50	18952.60
331.31	6290485.50	18986.65
331.41	6303696.50	19020.78
331.51	6316943.00	19055.00
331.61	6330228.50	19089.32
331.71	6343548.00	19123.72
331.81	6356904.00	19158.21
331.91	6370296.50	19192.78
332.01	6383728.00	19227.46
332.11	6397194.50	19262.21
332.21	6410699.00	19297.07
332.31	6424242.00	19332.01
332.41	6437821.00	19367.05
332.51	6451437.00	19402.17
332.61	6465091.00	19437.39
332.71	6478785.00	19472.71
332.81	6492514.50	19508.11
332.91	6506282.50	19543.60
333.01	6520089.50	19579.20
333.11	6533936.00	19614.88
333.21	6547820.50	19650.67
333.31	6561742.50	19686.54
333.41	6575707.00	19722.52
333.51	6589708.00	19758.58
333.61	6603748.00	19794.75
333.71	6617828.00	19831.01
333.81	6631948.00	19867.37
333.91	6646107.00	19903.82
334.01	6660306.50	19940.37
334.11	6674546.00	19977.02
334.21	6688827.50	20013.78
334.31	6703147.50	20050.62
334.41	6717508.50	20087.57
334.51	6731912.00	20124.62
334.61	6746354.00	20161.77
334.71	6760837.50	20199.02
334.81	6775363.00	20236.37
334.91	6789930.50	20273.82
335.01	6804538.50	20311.38
335.11	6819188.50	20349.03
335.21	6833881.00	20386.79
335.31	6848617.00	20424.66
335.41	6863393.50	20462.62
335.51	6878212.00	20500.69
335.61	6893076.00	20538.87
335.71	6907980.50	20577.15
335.81	6922928.50	20615.53
335.91	6937919.50	20654.02
336.01	6952956.50	20692.63
336.11	6968034.50	20731.33
336.21	6983156.50	20770.14
336.31	6998322.50	20809.06
336.41	7013534.50	20848.09
336.51	7028789.00	20887.23
336.61	7044088.00	20926.47
336.71	7059434.50	20965.84
336.81	7074823.50	21005.30
336.91	7090257.00	21044.88
337.01	7105736.50	21084.56
337.11	7121263.50	21124.37
337.21	7136834.00	21164.28
337.31	7152450.50	21204.30
337.41	7168116.00	21244.44
337.51	7183825.00	21284.69
337.61	7199580.00	21325.05
337.71	7215382.50	21365.53
337.81	7231234.50	21406.13
337.91	7247130.50	21446.84
338.01	7263073.50	21487.66
338.11	7279065.50	21528.60
338.21	7295107.00	21569.66
338.31	7311194.00	21610.84
338.41	7327328.50	21652.13
338.51	7343516.00	21693.55
338.61	7359747.50	21735.08
338.71	7376029.50	21776.73
338.81	7392358.50	21818.50
338.91	7408741.00	21860.40
339.01	7425169.50	21902.41
339.11	7441648.00	21944.55
339.21	7458176.00	21986.80
339.31	7474758.00	22029.19
339.41	7491386.50	22071.69
339.51	7508066.00	22114.32
339.61	7524799.50	22157.08
339.71	7541581.00	22199.96
339.81	7558414.50	22242.96
339.91	7575299.00	22286.09
340.01	7592237.00	22329.35
340.11	7609225.00	22372.73
340.21	7626266.00	22416.25
340.31	7643358.50	22459.88
340.41	7660507.50	22503.66
340.51	7677706.00	22547.56
340.61	7694957.00	22591.59
340.71	7712264.00	22635.76
340.81	7729622.50	22680.05
340.91	7747035.50	22724.47
341.01	7764501.50	22769.03
341.11	7782026.00	22813.72
341.21	7799601.50	22858.55
341.31	7817232.50	22903.51
341.41	7834918.00	22948.60
341.51	7852662.50	22993.84
341.61	7870459.00	23039.20
341.71	7888312.00	23084.70
341.81	7906223.50	23130.35
341.91	7924190.00	23176.13
342.01	7942211.50	23222.05
342.11	7960290.50	23268.11
342.21	7978430.50	23314.31
342.31	7996623.50	23360.65
342.41	8014875.50	23407.13
342.51	8033188.00	23453.76
342.61	8051556.00	23500.53
342.71	8069982.50	23547.44
342.81	8088469.00	23594.49
342.91	8107017.00	23641.70
343.01	8125620.00	23689.04
343.11	8144284.00	23736.54
343.21	8163008.00	23784.18
343.31	8181796.00	23831.97
343.41	8200640.00	23879.91
343.51	8219546.00	23927.99
343.61	8238516.00	23976.23
343.71	8257544.00	24024.62
343.81	8276634.50	24073.16
343.91	8295786.00	24121.84
344.01	8315003.00	24170.69
344.11	8334280.50	24219.69
344.21	8353620.00	24268.84
344.31	8373023.50	24318.14
344.41	8392494.00	24367.61
344.51	8412025.00	24417.23
344.61	8431619.00	24467.01
344.71	8451282.00	24516.95
344.81	8471005.00	24567.04
344.91	8490796.00	24617.29
345.01	8510650.00	24667.71
345.11	8530573.00	24718.29
345.21	8550560.00	24769.02
345.31	8570613.00	24819.92
345.41	8590732.00	24870.98
345.51	8610922.00	24922.22
345.61	8631177.00	24973.61
345.71	8651499.00	25025.17
345.81	8671892.00	25076.90
345.91	8692351.00	25128.80
346.01	8712878.00	25180.86
346.11	8733474.00	25233.09
346.21	8754143.00	25285.50
346.31	8774878.00	25338.08
346.41	8795684.00	25390.82
346.51	8816560.00	25443.74
346.61	8837511.00	25496.85
346.71	8858529.00	25550.11
346.81	8879619.00	25603.55
346.91	8900784.00	25657.18
347.01	8922018.00	25710.98
347.11	8943324.00	25764.96
347.21	8964705.00	25819.11
347.31	8986161.00	25873.46
347.41	9007688.00	25927.97
347.51	9029289.00	25982.67
347.61	9050964.00	26037.55
347.71	9072718.00	26092.62
347.81	9094544.00	26147.87
347.91	9116446.00	26203.31
348.01	9138427.00	26258.94
348.11	9160480.00	26314.75
348.21	9182613.00	26370.75
348.31	9204821.00	26426.94
348.41	9227109.00	26483.32
348.51	9249473.00	26539.89
348.61	9271915.00	26596.66
348.71	9294441.00	26653.63
348.81	9317042.00	26710.78
348.91	9339722.00	26768.12
349.01	9362482.00	26825.67
349.11	9385328.00	26883.42
349.21	9408249.00	26941.36
349.31	9431254.00	26999.51
349.41	9454339.00	27057.85
349.51	9477510.00	27116.40
349.61	9500761.00	27175.15
349.71	9524095.00	27234.10
349.81	9547516.00	27293.27
349.91	9571017.00	27352.63
350.01	9594603.00	27412.20
350.11	9618274.00	27471.98
350.21	9642034.00	27531.98
350.31	9665876.00	27592.18
350.41	9689805.00	27652.59
350.51	9713820.00	27713.22
350.61	9737926.00	27774.07
350.71	9762116.00	27835.12
350.81	9786395.00	27896.39
350.91	9810766.00	27957.89
351.01	9835224.00	28019.61
351.11	9859769.00	28081.53
351.21	9884405.00	28143.68
351.31	9909137.00	28206.07
351.41	9933955.00	28268.67
351.51	9958864.00	28331.49
351.61	9983866.00	28394.54
351.71	10008965.00	28457.82
351.81	10034153.00	28521.33
351.91	10059435.00	28585.07
352.01	10084815.00	28649.04
352.11	10110285.00	28713.24
352.21	10135851.00	28777.68
352.31	10161513.00	28842.35
352.41	10187276.00	28907.27
352.51	10213130.00	28972.41
352.61	10239083.00	29037.79
352.71	10265134.00	29103.42
352.81	10291287.00	29169.30
352.91	10317535.00	29235.41
353.01	10343882.00	29301.76
353.11	10370335.00	29368.37
353.21	10396885.00	29435.22
353.31	10423535.00	29502.32
353.41	10450287.00	29569.67
353.51	10477147.00	29637.29
353.61	10504104.00	29705.14
353.71	10531165.00	29773.25
353.81	10558336.00	29841.62
353.91	10585607.00	29910.25
354.01	10612984.00	29979.13
354.11	10640466.00	30048.27
354.21	10668061.00	30117.69
354.31	10695757.00	30187.36
354.41	10723562.00	30257.30
354.51	10751475.00	30327.50
354.61	10779502.00	30397.98
354.71	10807635.00	30468.72
354.81	10835878.00	30539.73
354.91	10864237.00	30611.03
355.01	10892704.00	30682.60
355.11	10921282.00	30754.43
355.21	10949974.00	30826.55
355.31	10978784.00	30898.96
355.41	11007705.00	30971.63
355.51	11036741.00	31044.60
355.61	11065892.00	31117.84
355.71	11095165.00	31191.38
355.81	11124551.00	31265.21
355.91	11154055.00	31339.32
356.01	11183681.00	31413.73
356.11	11213423.00	31488.43
356.21	11243285.00	31563.42
356.31	11273267.00	31638.71
356.41	11303376.00	31714.31
356.51	11333603.00	31790.20
356.61	11363953.00	31866.39
356.71	11394427.00	31942.88
356.81	11425031.00	32019.70
356.91	11455754.00	32096.81
357.01	11486603.00	32174.23
357.11	11517586.00	32251.97
357.21	11548690.00	32330.02
357.31	11579923.00	32408.38
357.41	11611285.00	32487.06
357.51	11642783.00	32566.08
357.61	11674407.00	32645.40
357.71	11706161.00	32725.04
357.81	11738049.00	32805.02
357.91	11770074.00	32885.33
358.01	11802231.00	32965.96
358.11	11834520.00	33046.92
358.21	11866953.00	33128.23
358.31	11899516.00	33209.87
358.41	11932215.00	33291.84
358.51	11965055.00	33374.15
358.61	11998038.00	33456.82
358.71	12031157.00	33539.82
358.81	12064416.00	33623.16
358.91	12097825.00	33706.88
359.01	12131369.00	33790.92
359.11	12165058.00	33875.32
359.21	12198892.00	33960.08
359.31	12232877.00	34045.21
359.41	12267003.00	34130.69
359.51	12301277.00	34216.53
359.61	12335700.00	34302.73
359.71	12370277.00	34389.32
359.81	12405000.00	34476.27
359.91	12439874.00	34563.58
360.01	12474906.00	34651.29
360.11	12510088.00	34739.36
360.21	12545423.00	34827.81
360.31	12580912.00	34916.64
360.41	12616565.00	35005.88
360.51	12652369.00	35095.48
360.61	12688333.00	35185.48
360.71	12724457.00	35275.87
360.81	12760747.00	35366.67
360.91	12797193.00	35457.85
361.01	12833800.00	35549.43
361.11	12870580.00	35641.44
361.21	12907519.00	35733.83
361.31	12944622.00	35826.63
361.41	12981894.00	35919.85
361.51	13019342.00	36013.50
361.61	13056950.00	36107.54
361.71	13094732.00	36202.01
361.81	13132683.00	36296.89
361.91	13170817.00	36392.23
362.01	13209116.00	36487.97
362.11	13247593.00	36584.15
362.21	13286252.00	36680.78
362.31	13325083.00	36777.83
362.41	13364092.00	36875.32
362.51	13403282.00	36973.25
362.61	13442661.00	37071.66
362.71	13482216.00	37170.49
362.81	13521956.00	37269.77
362.91	13561882.00	37369.52
363.01	13602000.00	37469.74
363.11	13642301.00	37570.41
363.21	13682791.00	37671.54
363.31	13723477.00	37773.16
363.41	13764351.00	37875.23
363.51	13805417.00	37977.79
363.61	13846678.00	38080.81
363.71	13888143.00	38184.35
363.81	13929800.00	38288.35
363.91	13971653.00	38392.84
364.01	14013716.00	38497.84
364.11	14055974.00	38603.33
364.21	14098432.00	38709.30
364.31	14141100.00	38815.80
364.41	14183978.00	38922.81
364.51	14227059.00	39030.32
364.61	14270349.00	39138.34
364.71	14313849.00	39246.88
364.81	14357570.00	39355.96
364.91	14401499.00	39465.56
365.01	14445641.00	39575.68
365.11	14490008.00	39686.36
365.21	14534589.00	39797.56
365.31	14579387.00	39909.29
365.41	14624410.00	40021.58
365.51	14669664.00	40134.44
365.61	14715136.00	40247.84
365.71	14760834.00	40361.79
365.81	14806761.00	40476.30
365.91	14852928.00	40591.41
366.01	14899319.00	40707.06
366.11	14945944.00	40823.29
366.21	14992812.00	40940.12
366.31	15039910.00	41057.52
366.41	15087247.00	41175.51
366.51	15134827.00	41294.09
366.61	15182658.00	41413.29
366.71	15230727.00	41533.08
366.81	15279041.00	41653.47
366.91	15327603.00	41774.47
367.01	15376426.00	41896.11
367.11	15425494.00	42018.36
367.21	15474814.00	42141.23
367.31	15524402.00	42264.75
367.41	15574240.00	42388.89
367.51	15624338.00	42513.68
367.61	15674699.00	42639.11
367.71	15725334.00	42765.21
367.81	15776225.00	42891.95
367.91	15827388.00	43019.35
368.01	15878821.00	43147.42
368.11	15930537.00	43276.18
368.21	15982519.00	43405.61
368.31	16034778.00	43535.71
368.41	16087328.00	43666.53
368.51	16140149.00	43798.01
368.61	16193258.00	43930.21
368.71	16246651.00	44063.10
368.81	16300343.00	44196.73
368.91	16354319.00	44331.06
369.01	16408586.00	44466.11
369.11	16463150.00	44601.89
369.21	16518024.00	44738.43
369.31	16573191.00	44875.69
369.41	16628658.00	45013.69
369.51	16684444.00	45152.48
369.61	16740527.00	45292.00
369.71	16796924.00	45432.29
369.81	16853634.00	45573.35
369.91	16910670.00	45715.22
370.01	16968016.00	45857.84
370.11	17025682.00	46001.26
370.21	17083684.00	46145.51
370.31	17142006.00	46290.54
370.41	17200656.00	46436.38
370.51	17259638.00	46583.04
370.61	17318968.00	46730.55
370.71	17378626.00	46878.87
370.81	17438624.00	47028.03
370.91	17498970.00	47178.05
371.01	17559672.00	47328.94
371.11	17620716.00	47480.67
371.21	17682112.00	47633.27
371.31	17743878.00	47786.79
371.41	17805988.00	47941.15
371.51	17868466.00	48096.41
371.61	17931306.00	48252.57
371.71	17994532.00	48409.68
371.81	18058118.00	48567.68
371.91	18122078.00	48726.60
372.01	18186418.00	48886.45
372.11	18251152.00	49047.27
372.21	18316264.00	49209.03
372.31	18381764.00	49371.73
372.41	18447668.00	49535.44
372.51	18513956.00	49700.09
372.61	18580648.00	49865.74
372.71	18647740.00	50032.37
372.81	18715254.00	50200.04
372.91	18783168.00	50368.70
373.01	18851498.00	50538.37
373.11	18920244.00	50709.08
373.21	18989426.00	50880.86
373.31	19059026.00	51053.67
373.41	19129054.00	51227.53
373.51	19199518.00	51402.46
373.61	19270418.00	51578.47
373.71	19341792.00	51755.66
373.81	19413584.00	51933.86
373.91	19485828.00	52113.18
374.01	19558528.00	52293.63
374.11	19631686.00	52475.20
374.21	19705310.00	52657.92
374.31	19779404.00	52841.80
374.41	19854000.00	53026.91
374.51	19929044.00	53213.13
374.61	20004570.00	53400.54
374.71	20080586.00	53589.15
374.81	20157090.00	53778.96
374.91	20234094.00	53970.01
375.01	20311598.00	54162.29
375.11	20389612.00	54355.82
375.21	20468162.00	54550.68
375.31	20547200.00	54746.74
375.41	20626764.00	54944.09
375.51	20706850.00	55142.73
375.61	20787470.00	55342.68
375.71	20868628.00	55543.96
375.81	20950328.00	55746.58
375.91	21032608.00	55950.62
376.01	21115410.00	56155.95
376.11	21198774.00	56362.67
376.21	21282700.00	56570.77
376.31	21367200.00	56780.28
376.41	21452274.00	56991.21
376.51	21537934.00	57203.57
376.61	21624212.00	57417.48
376.71	21711054.00	57632.76
376.81	21798498.00	57849.52
376.91	21886544.00	58067.77
377.01	21975210.00	58287.55
377.11	22064494.00	58508.85
377.21	22154404.00	58731.69
377.31	22244948.00	58956.09
377.41	22336166.00	59182.16
377.51	22427998.00	59409.74
377.61	22520480.00	59638.92
377.71	22613628.00	59869.73
377.81	22707438.00	60102.19
377.91	22801928.00	60336.31
378.01	22897098.00	60572.11
378.11	22992996.00	60809.71
378.21	23089554.00	61048.93
378.31	23186816.00	61289.89
378.41	23284792.00	61532.61
378.51	23383488.00	61777.09
378.61	23482912.00	62023.38
378.71	23583074.00	62271.48
378.81	23684018.00	62521.51
378.91	23785680.00	62773.31
379.01	23888102.00	63026.98
379.11	23991294.00	63282.55
379.21	24095264.00	63540.03
379.31	24200024.00	63799.46
379.41	24305580.00	64060.85
379.51	24411982.00	64324.34
379.61	24519160.00	64589.72
379.71	24627164.00	64857.14
379.81	24736000.00	65126.62
379.91	24845680.00	65398.18
380.01	24956216.00	65671.84
380.11	25067614.00	65947.62
380.21	25179886.00	66225.56
380.31	25293088.00	66505.80
380.41	25407140.00	66788.13
380.51	25522100.00	67072.70
380.61	25637972.00	67359.51
380.71	25754776.00	67648.62
380.81	25872516.00	67940.03
380.91	25991210.00	68233.80
381.01	26110906.00	68530.04
381.11	26231534.00	68828.57
381.21	26353146.00	69129.52
381.31	26475756.00	69432.94
381.41	26599372.00	69738.84
381.51	26724014.00	70047.26
381.61	26849690.00	70358.23
381.71	26976462.00	70671.91
381.81	27104248.00	70988.08
381.91	27233110.00	71306.90
382.01	27363058.00	71628.40
382.11	27494106.00	71952.61
382.21	27626272.00	72279.57
382.31	27759568.00	72609.32
382.41	27894010.00	72941.89
382.51	28029664.00	73277.46
382.61	28166442.00	73615.79
382.71	28304408.00	73957.05
382.81	28443578.00	74301.27
382.91	28583974.00	74648.52
383.01	28725608.00	74998.81
383.11	28868494.00	75352.20
383.21	29012708.00	75708.86
383.31	29158156.00	76068.55
383.41	29304906.00	76431.46
383.51	29452982.00	76797.63
383.61	29602398.00	77167.11
383.71	29753170.00	77539.92
383.81	29905324.00	77916.15
383.91	30058938.00	78295.98
384.01	30213906.00	78679.13
384.11	30370310.00	79065.83
384.21	30528172.00	79456.12
384.31	30687508.00	79850.04
384.41	30848342.00	80247.66
384.51	31010696.00	80649.02
384.61	31174654.00	81054.34
384.71	31340108.00	81463.34
384.81	31507150.00	81876.25
384.91	31675798.00	82293.12
385.01	31846078.00	82714.02
385.11	32018016.00	83139.00
385.21	32191628.00	83568.10
385.31	32366946.00	84001.41
385.41	32544064.00	84439.17
385.51	32722868.00	84881.07
385.61	32903448.00	85327.35
385.71	33085840.00	85778.09
385.81	33270062.00	86233.35
385.91	33456156.00	86693.22
386.01	33644132.00	87157.73
386.11	33834112.00	87627.18
386.21	34025960.00	88101.23
386.31	34219792.00	88580.17
386.41	34415632.00	89064.06
386.51	34613520.00	89553.00
386.61	34813476.00	90047.03
386.71	35015544.00	90546.27
386.81	35219832.00	91050.98
386.91	35426216.00	91560.86
387.01	35634804.00	92076.17
387.11	35845644.00	92597.03
387.21	36058768.00	93123.52
387.31	36274204.00	93655.70
387.41	36492004.00	94193.71
387.51	36712196.00	94737.62
387.61	36934916.00	95287.77
387.71	37160020.00	95843.79
387.81	37387648.00	96406.02
387.91	37617836.00	96974.56
388.01	37850628.00	97549.52
388.11	38086064.00	98131.01
388.21	38324196.00	98719.13
388.31	38565172.00	99314.28
388.41	38808836.00	99916.04
388.51	39055336.00	100524.78
388.61	39304724.00	101140.66
388.71	39557052.00	101763.77
388.81	39812368.00	102394.24
388.91	40070728.00	103032.23
389.01	40332292.00	103678.12
389.11	40596908.00	104331.52
389.21	40864736.00	104992.83
389.31	41135836.00	105662.21
389.41	41410264.00	106339.80
389.51	41688084.00	107025.74
389.61	41969364.00	107720.21
389.71	42254280.00	108423.66
389.81	42542668.00	109135.65
389.91	42834716.00	109856.66
390.01	43130484.00	110586.84
390.11	43430048.00	111326.39
390.21	43733488.00	112075.48
390.31	44040876.00	112834.30
390.41	44352280.00	113603.02
390.51	44667932.00	114382.23
390.61	44987628.00	115171.39
390.71	45311604.00	115971.09
390.81	45639928.00	116781.52
390.91	45972700.00	117602.91
391.01	46310004.00	118435.47
391.11	46651944.00	119279.45
391.21	46998740.00	120135.42
391.31	47350228.00	121002.95
391.41	47706632.00	121882.59
391.51	48068064.00	122774.62
391.61	48434640.00	123679.32
391.71	48806456.00	124596.95
391.81	49183628.00	125527.77
391.91	49566440.00	126472.52
392.01	49954692.00	127430.66
392.11	50348660.00	128402.88
392.21	50748472.00	129389.52
392.31	51154268.00	130390.89
392.41	51566172.00	131407.33
392.51	51984332.00	132439.19
392.61	52408892.00	133486.81
392.71	52840168.00	134551.02
392.81	53277964.00	135631.27
392.91	53722616.00	136728.42
393.01	54174280.00	137842.86
393.11	54633132.00	138975.02
393.21	55099344.00	140125.31
393.31	55573080.00	141294.16
393.41	56054736.00	142482.53
393.51	56544104.00	143689.91
393.61	57041576.00	144917.25
393.71	57547364.00	146165.09
393.81	58061656.00	147433.91
393.91	58584688.00	148724.25
394.01	59116680.00	150036.69
394.11	59658092.00	151372.36
394.21	60208712.00	152730.70
394.31	60769008.00	154112.91
394.41	61339244.00	155519.61
394.51	61919680.00	156951.45
394.61	62510604.00	158409.14
394.71	63112288.00	159893.36
394.81	63725300.00	161405.52
394.91	64349424.00	162945.05
395.01	64985244.00	164513.41
395.11	65633084.00	166111.39
395.21	66293292.00	167739.86
395.31	66966228.00	169399.70
395.41	67652256.00	171091.81
395.51	68351768.00	172817.17
395.61	69065472.00	174577.52
395.71	69793168.00	176372.34
395.81	70535616.00	178203.52
395.91	71293248.00	180072.12
396.01	72066528.00	181979.31
396.11	72855960.00	183926.30
396.21	73662056.00	185914.38
396.31	74485688.00	187945.69
396.41	75326736.00	190019.91
396.51	76186112.00	192139.30
396.61	77064416.00	194305.36
396.71	77962288.00	196519.64
396.82	78880400.00	198783.81
396.92	79819416.00	201099.52
397.02	80780504.00	203469.64
397.12	81763576.00	205893.94
397.22	82769848.00	208375.42
397.32	83800144.00	210916.12
397.42	84855336.00	213518.17
397.52	85936328.00	216183.84
397.62	87044088.00	218915.48
397.72	88179624.00	221715.58
397.82	89344496.00	224588.02
397.92	90538808.00	227533.00
398.02	91764248.00	230554.70
398.12	93022024.00	233656.11
398.22	94313432.00	236840.44
398.32	95639864.00	240111.06
398.42	97002736.00	243471.53
398.52	98404200.00	246927.16
398.62	99844664.00	250478.88
398.72	101326392.00	254132.31
398.82	102851240.00	257892.02
398.92	104421056.00	261762.59
399.02	106037896.00	265749.06
399.12	107703888.00	269856.69
399.22	109422088.00	274093.03
399.32	111193408.00	278460.28
399.42	113021144.00	282966.59
399.52	114908064.00	287618.78
399.62	116857064.00	292424.00
399.72	118871288.00	297389.97
399.82	120954024.00	302524.84
399.92	123109816.00	307839.81
400.02	125340576.00	313339.53
400.12	127651352.00	319036.50
400.22	130046456.00	324941.31
400.32	132530648.00	331065.72
400.42	135108960.00	337422.16
400.52	137786864.00	344024.03
400.62	140570224.00	350885.88
400.72	143466720.00	358026.59
400.82	146480656.00	365456.78
400.92	149620752.00	373197.94
401.02	152895072.00	381269.97
401.12	156312448.00	389694.59
401.22	159882448.00	398495.41
401.32	163615504.00	407698.19
401.42	167524832.00	417335.47
401.52	171619536.00	427429.66
401.62	175915024.00	438018.75
401.72	180426480.00	449140.16
401.82	185170576.00	460835.03
401.92	190165776.00	473148.88
402.02	195432592.00	486132.22
402.12	200996256.00	499847.28
402.22	206877312.00	514344.69
402.32	213106560.00	529700.31
402.42	219715792.00	545992.56
402.52	226740896.00	563309.94
402.62	234222384.00	581752.25
402.72	242206304.00	601433.00
402.82	250744944.00	622481.06
402.92	259902320.00	645054.38
403.02	269739360.00	669302.88
403.12	280339360.00	695432.06
403.22	291794784.00	723669.75
403.32	304213440.00	754281.75
403.42	317722144.00	787580.56
403.52	332471072.00	823936.50
403.62	348646624.00	863809.00
403.72	366449856.00	907693.50
403.82	386148640.00	956250.31
403.92	408062624.00	1010267.44
404.02	432587776.00	1070720.88
404.12	460220320.00	1138833.75
404.22	491590752.00	1216160.25
404.32	527529728.00	1304747.88
404.42	569073792.00	1407151.38
404.52	617668352.00	1526933.88
404.62	675274880.00	1668930.00
404.72	744656256.00	1839950.00
404.82	829833728.00	2049906.00
404.92	936894464.00	2313802.50
405.02	1075585536.00	2655665.00
405.12	1262159232.00	3115554.00
405.22	1526728192.00	3767694.25
405.32	1931123328.00	4764494.00
405.42	2626006528.00	6477321.00
405.52	4099796992.00	10110086.00
405.62	9332045824.00	23007120.00
